5 0.45625 0.725 0.454688 0.726562 0.451562 0.726562 0.451562 0.729687 0.45 0.73125 0.45 0.810937 0.451562 0.8125 0.451562 0.815625 0.453125 0.817187 0.45625 0.817187 0.457812 0.81875 0.465625 0.81875 0.467187 0.817187 0.478125 0.817187 0.479688 0.81875 0.498437 0.81875 0.5 0.820312 0.50625 0.820312 0.507812 0.821875 0.514062 0.821875 0.515625 0.823437 0.525 0.823437 0.526562 0.825 0.5375 0.825 0.539062 0.826562 0.540625 0.826562 0.542187 0.825 0.579687 0.825 0.58125 0.826562 0.604687 0.826562 0.60625 0.825 0.614062 0.825 0.615625 0.823437 0.620312 0.823437 0.621875 0.821875 0.625 0.821875 0.626562 0.820312 0.629687 0.820312 0.63125 0.81875 0.632812 0.81875 0.634375 0.817187 0.635937 0.817187 0.639062 0.814062 0.639062 0.8125 0.640625 0.810937 0.640625 0.759375 0.639062 0.757812 0.639062 0.748437 0.6375 0.746875 0.6375 0.739062 0.635937 0.7375 0.635937 0.732812 0.634375 0.73125 0.634375 0.729687 0.63125 0.726562 0.629687 0.726562 0.628125 0.725
2 0.120312 0.80625 0.11875 0.807812 0.11875 0.832812 0.121875 0.835937 0.123437 0.834375 0.142187 0.834375 0.14375 0.835937 0.145312 0.835937 0.146875 0.834375 0.148437 0.834375 0.15 0.832812 0.15 0.83125 0.153125 0.828125 0.153125 0.820312 0.151562 0.81875 0.151562 0.815625 0.15 0.814062 0.15 0.8125 0.148437 0.810937 0.148437 0.807812 0.146875 0.807812 0.145312 0.80625
2 0.0078125 0.4 0.00625 0.401562 0.00625 0.484375 0.0078125 0.485938 0.0078125 0.49375 0.009375 0.495312 0.009375 0.492187 0.0109375 0.490625 0.0109375 0.4875 0.0125 0.485938 0.0125 0.484375 0.0140625 0.482812 0.0140625 0.48125 0.0171875 0.478125 0.0171875 0.476562 0.0203125 0.473437 0.0203125 0.471875 0.0234375 0.46875 0.0234375 0.467187 0.0265625 0.464063 0.0265625 0.4625 0.0296875 0.459375 0.0296875 0.457812 0.03125 0.45625 0.03125 0.453125 0.0328125 0.451562 0.0328125 0.45 0.034375 0.448438 0.034375 0.446875 0.0359375 0.445312 0.0359375 0.439063 0.0375 0.4375 0.0375 0.41875 0.0359375 0.417187 0.0359375 0.410937 0.034375 0.409375 0.034375 0.407812 0.028125 0.401562 0.0265625 0.401562 0.025 0.4
2 0.303125 0.38125 0.301562 0.382812 0.3 0.382812 0.295312 0.3875 0.295312 0.389062 0.29375 0.390625 0.29375 0.428125 0.295312 0.429688 0.295312 0.43125 0.3 0.435937 0.3 0.4375 0.301562 0.439063 0.301562 0.440625 0.303125 0.442187 0.304687 0.442187 0.307812 0.445312 0.307812 0.446875 0.3125 0.446875 0.314062 0.448438 0.317187 0.448438 0.31875 0.45 0.320312 0.45 0.321875 0.451562 0.323437 0.451562 0.325 0.453125 0.328125 0.453125 0.329687 0.451562 0.329687 0.45 0.33125 0.448438 0.33125 0.442187 0.332812 0.440625 0.332812 0.395312 0.33125 0.39375 0.33125 0.384375 0.328125 0.38125
2 0.26875 0.3625 0.267187 0.364062 0.265625 0.364062 0.264062 0.365625 0.264062 0.370312 0.2625 0.371875 0.2625 0.403125 0.264062 0.404687 0.264062 0.407812 0.267187 0.410937 0.26875 0.410937 0.271875 0.414062 0.273437 0.414062 0.275 0.415625 0.28125 0.415625 0.284375 0.4125 0.284375 0.410937 0.285937 0.409375 0.285937 0.40625 0.2875 0.404687 0.2875 0.401562 0.289062 0.4 0.289062 0.398437 0.290625 0.396875 0.290625 0.395312 0.292187 0.39375 0.292187 0.392187 0.29375 0.390625 0.29375 0.389062 0.295312 0.3875 0.296875 0.3875 0.301562 0.382812 0.303125 0.382812 0.304687 0.38125 0.30625 0.38125 0.307812 0.379687 0.315625 0.379687 0.317187 0.378125 0.31875 0.378125 0.320312 0.376562 0.320312 0.36875 0.31875 0.367187 0.31875 0.365625 0.315625 0.3625
2 0.826562 0.08125 0.825 0.0828125 0.823437 0.0828125 0.821875 0.084375 0.820312 0.084375 0.817187 0.0875 0.817187 0.0890625 0.814062 0.0921875 0.8125 0.0921875 0.809375 0.0953125 0.807812 0.0953125 0.804687 0.0984375 0.803125 0.0984375 0.801562 0.1 0.798437 0.1 0.795312 0.103125 0.795312 0.104687 0.79375 0.10625 0.79375 0.128125 0.795312 0.129687 0.795312 0.13125 0.796875 0.132812 0.803125 0.132812 0.804687 0.134375 0.8625 0.134375 0.867188 0.129687 0.867188 0.125 0.86875 0.123437 0.86875 0.10625 0.867188 0.104687 0.867188 0.084375 0.865625 0.0828125 0.8625 0.0828125 0.860937 0.08125
2 0.0953125 0.35 0.09375 0.351562 0.09375 0.367187 0.0953125 0.36875 0.0953125 0.371875 0.101562 0.378125 0.10625 0.378125 0.107813 0.379687 0.114063 0.379687 0.115625 0.378125 0.121875 0.378125 0.129687 0.370312 0.129687 0.36875 0.13125 0.367187 0.13125 0.365625 0.132812 0.364062 0.13125 0.3625 0.13125 0.354687 0.129687 0.353125 0.129687 0.351562 0.128125 0.35
2 0.0078125 0.375 0.00625 0.376562 0.00625 0.390625 0.0078125 0.392187 0.0078125 0.39375 0.009375 0.395312 0.0109375 0.395312 0.0125 0.396875 0.0203125 0.396875 0.021875 0.398437 0.025 0.398437 0.0265625 0.4 0.028125 0.4 0.03125 0.403125 0.03125 0.404687 0.0359375 0.409375 0.0359375 0.410937 0.0375 0.4125 0.0375 0.421875 0.0390625 0.423437 0.0390625 0.435937 0.040625 0.4375 0.040625 0.439063 0.0421875 0.439063 0.04375 0.440625 0.05625 0.440625 0.0578125 0.439063 0.059375 0.439063 0.0671875 0.43125 0.0671875 0.429688 0.0796875 0.417187 0.0796875 0.415625 0.08125 0.414062 0.08125 0.404687 0.0796875 0.403125 0.0796875 0.396875 0.078125 0.395312 0.078125 0.392187 0.075 0.389062 0.075 0.3875 0.071875 0.384375 0.071875 0.382812 0.0671875 0.378125 0.065625 0.378125 0.0640625 0.376562 0.059375 0.376562 0.0578125 0.375
9 0.0890625 0.71875 0.0875 0.720312 0.0875 0.735937 0.0890625 0.7375 0.0890625 0.739062 0.090625 0.739062 0.090625 0.7375 0.0921875 0.735937 0.0921875 0.720312 0.090625 0.71875
2 0.0640625 0.80625 0.0625 0.807812 0.0625 0.817187 0.0640625 0.81875 0.0640625 0.821875 0.065625 0.821875 0.0671875 0.823437 0.06875 0.823437 0.0703125 0.825 0.071875 0.825 0.075 0.828125 0.0765625 0.828125 0.078125 0.829687 0.08125 0.829687 0.0828125 0.83125 0.0859375 0.83125 0.0875 0.832812 0.090625 0.832812 0.096875 0.826562 0.096875 0.821875 0.0984375 0.820312 0.096875 0.81875 0.096875 0.8125 0.0953125 0.810937 0.0953125 0.809375 0.09375 0.807812 0.0921875 0.807812 0.090625 0.80625
2 0.242188 0.35625 0.240625 0.357812 0.239063 0.357812 0.239063 0.359375 0.2375 0.360937 0.2375 0.384375 0.240625 0.3875 0.24375 0.3875 0.245312 0.389062 0.253125 0.389062 0.259375 0.382812 0.259375 0.379687 0.260937 0.378125 0.260937 0.370312 0.2625 0.36875 0.2625 0.365625 0.264062 0.364062 0.264062 0.357812 0.260937 0.357812 0.259375 0.35625
2 0.0078125 0.83125 0.00625 0.832812 0.00625 0.892187 0.0078125 0.89375 0.0078125 0.896875 0.021875 0.896875 0.0234375 0.895312 0.0265625 0.895312 0.034375 0.8875 0.034375 0.884375 0.0359375 0.882812 0.0359375 0.8625 0.0375 0.860937 0.0375 0.85625 0.0359375 0.854688 0.0359375 0.851562 0.034375 0.85 0.034375 0.848437 0.0328125 0.846875 0.0328125 0.845312 0.028125 0.840625 0.028125 0.839062 0.0265625 0.8375 0.0265625 0.835937 0.0234375 0.832812 0.021875 0.832812 0.0203125 0.83125
7 0.41875 0.175 0.417187 0.176562 0.390625 0.176562 0.389062 0.178125 0.379687 0.178125 0.378125 0.179687 0.360937 0.179687 0.359375 0.18125 0.357812 0.18125 0.357812 0.182812 0.35625 0.184375 0.35625 0.248437 0.357812 0.25 0.357812 0.253125 0.359375 0.254687 0.360937 0.254687 0.3625 0.25625 0.36875 0.25625 0.370312 0.257812 0.389062 0.257812 0.390625 0.259375 0.403125 0.259375 0.404687 0.260937 0.435937 0.260937 0.4375 0.2625 0.448438 0.2625 0.45 0.264062 0.45625 0.264062 0.457812 0.2625 0.4625 0.2625 0.464063 0.260937 0.471875 0.260937 0.473437 0.259375 0.48125 0.259375 0.482812 0.257812 0.489062 0.257812 0.490625 0.25625 0.501562 0.25625 0.503125 0.254687 0.517187 0.254687 0.51875 0.253125 0.532812 0.253125 0.534375 0.251562 0.539062 0.251562 0.540625 0.25 0.559375 0.25 0.560937 0.248437 0.56875 0.248437 0.570312 0.246875 0.573437 0.246875 0.578125 0.242188 0.578125 0.2375 0.579687 0.235938 0.579687 0.228125 0.578125 0.226562 0.578125 0.217187 0.576562 0.215625 0.576562 0.210937 0.575 0.209375 0.575 0.207812 0.571875 0.204687 0.564062 0.204687 0.5625 0.203125 0.559375 0.203125 0.557812 0.201562 0.554687 0.201562 0.553125 0.2 0.551562 0.2 0.54375 0.192187 0.54375 0.189062 0.542187 0.1875 0.542187 0.185937 0.540625 0.184375 0.540625 0.18125 0.539062 0.179687 0.539062 0.178125 0.5375 0.176562 0.534375 0.176562 0.532812 0.175
2 0.551562 0.2625 0.55 0.264062 0.546875 0.264062 0.545312 0.265625 0.545312 0.279687 0.54375 0.28125 0.54375 0.314062 0.545312 0.315625 0.545312 0.317187 0.55 0.321875 0.560937 0.321875 0.5625 0.320312 0.565625 0.320312 0.567187 0.31875 0.573437 0.31875 0.575 0.317187 0.595312 0.317187 0.596875 0.31875 0.6 0.31875 0.601562 0.320312 0.609375 0.320312 0.609375 0.31875 0.610937 0.317187 0.610937 0.315625 0.6125 0.314062 0.6125 0.298437 0.610937 0.296875 0.610937 0.2875 0.609375 0.285937 0.609375 0.284375 0.6 0.275 0.6 0.273437 0.598437 0.271875 0.598437 0.270312 0.590625 0.2625
1 0.429688 0.8 0.428125 0.801562 0.426562 0.801562 0.425 0.803125 0.432813 0.810937 0.434375 0.810937 0.4375 0.814062 0.439063 0.814062 0.442187 0.817187 0.44375 0.817187 0.445312 0.81875 0.446875 0.81875 0.448438 0.820312 0.45 0.820312 0.451562 0.821875 0.453125 0.821875 0.45625 0.825 0.457812 0.825 0.459375 0.826562 0.459375 0.828125 0.460938 0.829687 0.460938 0.84375 0.459375 0.845312 0.459375 0.846875 0.457812 0.848437 0.457812 0.851562 0.45625 0.853125 0.45625 0.85625 0.454688 0.857813 0.454688 0.859375 0.451562 0.8625 0.451562 0.864062 0.45 0.865625 0.45 0.86875 0.448438 0.870313 0.448438 0.873438 0.446875 0.875 0.446875 0.876562 0.445312 0.878125 0.445312 0.879687 0.44375 0.88125 0.44375 0.885938 0.442187 0.8875 0.442187 0.890625 0.440625 0.892187 0.440625 0.89375 0.439063 0.895312 0.439063 0.898438 0.4375 0.9 0.4375 0.904688 0.435937 0.90625 0.435937 0.907812 0.434375 0.909375 0.434375 0.910937 0.432813 0.9125 0.432813 0.914062 0.43125 0.915625 0.43125 0.920313 0.429688 0.921875 0.429688 0.925 0.428125 0.926562 0.428125 0.928125 0.426562 0.929688 0.426562 0.93125 0.425 0.932813 0.425 0.935938 0.423437 0.9375 0.423437 0.940625 0.421875 0.942187 0.421875 0.94375 0.420312 0.945312 0.420312 0.948438 0.41875 0.95 0.41875 0.98125 0.420312 0.982812 0.420312 0.984375 0.428125 0.984375 0.435937 0.976562 0.435937 0.975 0.439063 0.971875 0.439063 0.970312 0.440625 0.96875 0.440625 0.967188 0.442187 0.965625 0.442187 0.964063 0.44375 0.9625 0.44375 0.960938 0.445312 0.959375 0.445312 0.957812 0.448438 0.954687 0.448438 0.951563 0.45 0.95 0.45 0.948438 0.451562 0.946875 0.451562 0.945312 0.453125 0.94375 0.453125 0.942187 0.454688 0.940625 0.454688 0.935938 0.45625 0.934375 0.45625 0.93125 0.457812 0.929688 0.457812 0.928125 0.459375 0.926562 0.459375 0.923437 0.460938 0.921875 0.460938 0.91875 0.4625 0.917188 0.4625 0.914062 0.465625 0.910937 0.467187 0.910937 0.470313 0.907812 0.482812 0.907812 0.484375 0.909375 0.495312 0.909375 0.496875 0.910937 0.503125 0.910937 0.507812 0.915625 0.509375 0.915625 0.520312 0.926562 0.521875 0.926562 0.523437 0.928125 0.534375 0.928125 0.535937 0.926562 0.5375 0.926562 0.539062 0.925 0.54375 0.925 0.55 0.93125 0.55 0.932813 0.553125 0.935938 0.554687 0.935938 0.557812 0.939062 0.559375 0.939062 0.560937 0.9375 0.5625 0.9375 0.564062 0.935938 0.567187 0.935938 0.56875 0.934375 0.571875 0.934375 0.578125 0.928125 0.578125 0.926562 0.579687 0.925 0.579687 0.920313 0.578125 0.91875 0.578125 0.909375 0.576562 0.907812 0.576562 0.904688 0.575 0.903125 0.575 0.896875 0.573437 0.895312 0.573437 0.892187 0.571875 0.890625 0.571875 0.884375 0.570312 0.882812 0.570312 0.88125 0.56875 0.879687 0.56875 0.878125 0.567187 0.876562 0.567187 0.875 0.565625 0.873438 0.565625 0.871875 0.564062 0.870313 0.564062 0.86875 0.560937 0.865625 0.560937 0.8625 0.559375 0.860937 0.559375 0.85625 0.557812 0.854688 0.557812 0.853125 0.55625 0.851562 0.55625 0.85 0.554687 0.848437 0.554687 0.846875 0.546875 0.839062 0.545312 0.839062 0.54375 0.8375 0.535937 0.8375 0.534375 0.835937 0.532812 0.8375 0.526562 0.8375 0.525 0.839062 0.521875 0.839062 0.51875 0.842187 0.51875 0.845312 0.517187 0.846875 0.517187 0.870313 0.515625 0.871875 0.515625 0.876562 0.514062 0.878125 0.514062 0.903125 0.510937 0.90625 0.509375 0.90625 0.507812 0.907812 0.5 0.907812 0.498437 0.90625 0.495312 0.90625 0.492187 0.903125 0.492187 0.9 0.490625 0.898438 0.490625 0.882812 0.489062 0.88125 0.489062 0.878125 0.4875 0.876562 0.4875 0.873438 0.485938 0.871875 0.485938 0.8625 0.484375 0.860937 0.484375 0.85625 0.485938 0.854688 0.485938 0.84375 0.4875 0.842187 0.4875 0.840625 0.489062 0.839062 0.489062 0.8375 0.492187 0.834375 0.492187 0.823437 0.490625 0.821875 0.490625 0.820312 0.489062 0.820312 0.4875 0.81875 0.485938 0.81875 0.484375 0.817187 0.482812 0.817187 0.48125 0.815625 0.479688 0.815625 0.478125 0.814062 0.476562 0.814062 0.475 0.8125 0.470313 0.8125 0.46875 0.810937 0.465625 0.810937 0.464063 0.809375 0.4625 0.809375 0.460938 0.807812 0.459375 0.807812 0.457812 0.80625 0.454688 0.80625 0.453125 0.804687 0.451562 0.804687 0.45 0.803125 0.448438 0.803125 0.446875 0.801562 0.44375 0.801562 0.442187 0.8
0 0.540625 0.66875 0.539062 0.670312 0.5375 0.670312 0.535937 0.671875 0.535937 0.678125 0.5375 0.679687 0.5375 0.6875 0.539062 0.689062 0.539062 0.696875 0.5375 0.698437 0.5375 0.70625 0.535937 0.707812 0.535937 0.714062 0.534375 0.715625 0.534375 0.71875 0.532812 0.720312 0.532812 0.753125 0.53125 0.754687 0.53125 0.782812 0.520312 0.79375 0.51875 0.79375 0.514062 0.798437 0.5125 0.798437 0.504687 0.80625 0.503125 0.80625 0.496875 0.8125 0.495312 0.8125 0.492187 0.815625 0.492187 0.81875 0.490625 0.820312 0.490625 0.823437 0.492187 0.825 0.492187 0.83125 0.490625 0.832812 0.490625 0.8375 0.489062 0.839062 0.489062 0.878125 0.490625 0.879687 0.490625 0.885938 0.492187 0.8875 0.492187 0.895312 0.49375 0.896875 0.49375 0.9 0.498437 0.904688 0.501562 0.904688 0.503125 0.90625 0.509375 0.90625 0.514062 0.901563 0.514062 0.889063 0.5125 0.8875 0.5125 0.879687 0.514062 0.878125 0.514062 0.86875 0.515625 0.867188 0.515625 0.845312 0.517187 0.84375 0.517187 0.840625 0.523437 0.834375 0.525 0.834375 0.526562 0.832812 0.528125 0.832812 0.529687 0.83125 0.53125 0.83125 0.532812 0.829687 0.534375 0.829687 0.535937 0.828125 0.5375 0.828125 0.539062 0.826562 0.545312 0.826562 0.55 0.83125 0.55 0.832812 0.551562 0.834375 0.551562 0.835937 0.554687 0.839062 0.554687 0.840625 0.55625 0.842187 0.55625 0.845312 0.557812 0.846875 0.557812 0.848437 0.559375 0.85 0.559375 0.851562 0.560937 0.853125 0.560937 0.857813 0.5625 0.859375 0.5625 0.8625 0.564062 0.864062 0.564062 0.865625 0.565625 0.867188 0.565625 0.86875 0.567187 0.870313 0.567187 0.871875 0.56875 0.873438 0.56875 0.875 0.570312 0.876562 0.570312 0.879687 0.571875 0.88125 0.571875 0.882812 0.573437 0.884375 0.573437 0.889063 0.575 0.890625 0.575 0.898438 0.576562 0.9 0.576562 0.917188 0.578125 0.91875 0.578125 0.926562 0.58125 0.929688 0.585937 0.929688 0.5875 0.928125 0.589062 0.928125 0.590625 0.926562 0.592187 0.926562 0.595312 0.923437 0.596875 0.923437 0.6 0.920313 0.6 0.91875 0.601562 0.917188 0.601562 0.904688 0.603125 0.903125 0.603125 0.901563 0.601562 0.9 0.601562 0.884375 0.6 0.882812 0.6 0.875 0.598437 0.873438 0.598437 0.864062 0.596875 0.8625 0.596875 0.85 0.598437 0.848437 0.598437 0.821875 0.6 0.820312 0.6 0.809375 0.601562 0.807812 0.601562 0.804687 0.603125 0.803125 0.603125 0.795312 0.604687 0.79375 0.604687 0.759375 0.603125 0.757812 0.603125 0.725 0.604687 0.723437 0.604687 0.703125 0.603125 0.701562 0.603125 0.696875 0.601562 0.695312 0.601562 0.69375 0.6 0.692187 0.6 0.690625 0.592187 0.682812 0.592187 0.68125 0.590625 0.679687 0.589062 0.679687 0.5875 0.678125 0.5875 0.676562 0.585937 0.675 0.585937 0.673437 0.582812 0.670312 0.579687 0.670312 0.578125 0.66875
7 0.460938 0.475 0.459375 0.476562 0.45625 0.476562 0.453125 0.479688 0.451562 0.479688 0.45 0.48125 0.45 0.482812 0.448438 0.484375 0.448438 0.485938 0.446875 0.4875 0.446875 0.489062 0.445312 0.490625 0.445312 0.5 0.44375 0.501562 0.44375 0.564062 0.445312 0.565625 0.445312 0.571875 0.446875 0.573437 0.446875 0.575 0.454688 0.582812 0.45625 0.582812 0.457812 0.584375 0.467187 0.584375 0.46875 0.582812 0.473437 0.582812 0.475 0.58125 0.4875 0.58125 0.489062 0.579687 0.514062 0.579687 0.515625 0.58125 0.528125 0.58125 0.529687 0.579687 0.532812 0.579687 0.5375 0.575 0.5375 0.573437 0.545312 0.565625 0.546875 0.565625 0.55 0.5625 0.551562 0.5625 0.553125 0.560937 0.554687 0.560937 0.560937 0.554687 0.560937 0.553125 0.5625 0.551562 0.5625 0.55 0.564062 0.548437 0.564062 0.546875 0.565625 0.545312 0.565625 0.534375 0.567187 0.532812 0.567187 0.484375 0.565625 0.482812 0.565625 0.478125 0.564062 0.476562 0.5625 0.476562 0.560937 0.475
