7 0.453125 0.59375 0.45 0.596875 0.45 0.64375 0.451562 0.645312 0.451562 0.646875 0.453125 0.648437 0.457812 0.648437 0.459375 0.65 0.467187 0.65 0.46875 0.651562 0.470313 0.651562 0.471875 0.653125 0.473437 0.653125 0.475 0.654687 0.476562 0.654687 0.478125 0.65625 0.479688 0.65625 0.482812 0.659375 0.5 0.659375 0.501562 0.657812 0.504687 0.657812 0.50625 0.65625 0.53125 0.65625 0.532812 0.657812 0.546875 0.657812 0.548437 0.65625 0.55 0.65625 0.553125 0.653125 0.553125 0.651562 0.554687 0.65 0.554687 0.646875 0.55625 0.645312 0.55625 0.642187 0.557812 0.640625 0.557812 0.625 0.55625 0.623437 0.55625 0.610937 0.554687 0.609375 0.554687 0.601562 0.553125 0.6 0.553125 0.596875 0.551562 0.595312 0.55 0.595312 0.548437 0.59375
0 0.295312 0.7625 0.292187 0.765625 0.292187 0.767187 0.289062 0.770312 0.289062 0.773437 0.2875 0.775 0.2875 0.78125 0.285937 0.782812 0.285937 0.784375 0.282812 0.7875 0.282812 0.8 0.28125 0.801562 0.28125 0.834375 0.279687 0.835937 0.279687 0.839062 0.276562 0.842187 0.276562 0.84375 0.275 0.845312 0.275 0.846875 0.273437 0.848437 0.273437 0.851562 0.270312 0.854688 0.270312 0.85625 0.26875 0.857813 0.26875 0.871875 0.271875 0.875 0.275 0.875 0.276562 0.876562 0.278125 0.876562 0.279687 0.875 0.28125 0.875 0.282812 0.873438 0.284375 0.873438 0.285937 0.871875 0.285937 0.867188 0.2875 0.865625 0.2875 0.864062 0.295312 0.85625 0.296875 0.85625 0.3 0.859375 0.3 0.860937 0.301562 0.8625 0.301562 0.864062 0.303125 0.865625 0.303125 0.867188 0.304687 0.86875 0.304687 0.871875 0.30625 0.873438 0.307812 0.873438 0.309375 0.875 0.310937 0.875 0.3125 0.873438 0.317187 0.873438 0.31875 0.871875 0.31875 0.86875 0.317187 0.867188 0.317187 0.864062 0.315625 0.8625 0.315625 0.860937 0.3125 0.857813 0.3125 0.825 0.314062 0.823437 0.314062 0.820312 0.3125 0.81875 0.3125 0.8125 0.310937 0.810937 0.310937 0.8 0.309375 0.798437 0.309375 0.792187 0.307812 0.790625 0.307812 0.789062 0.309375 0.7875 0.309375 0.78125 0.310937 0.779687 0.310937 0.765625 0.307812 0.7625
2 0.0078125 0.10625 0.00625 0.107813 0.00625 0.134375 0.0078125 0.135937 0.040625 0.135937 0.0453125 0.13125 0.0453125 0.129687 0.046875 0.128125 0.046875 0.126562 0.0484375 0.125 0.0484375 0.115625 0.046875 0.114063 0.046875 0.1125 0.0453125 0.1125 0.0390625 0.10625
0 0.053125 0.70625 0.0515625 0.707812 0.05 0.707812 0.0390625 0.71875 0.0375 0.71875 0.0328125 0.723437 0.0328125 0.725 0.03125 0.726562 0.03125 0.746875 0.0328125 0.748437 0.0328125 0.75625 0.034375 0.757812 0.034375 0.760937 0.0359375 0.7625 0.0359375 0.782812 0.0375 0.784375 0.0375 0.804687 0.0390625 0.80625 0.0390625 0.807812 0.0421875 0.810937 0.04375 0.810937 0.0453125 0.8125 0.0484375 0.8125 0.05 0.810937 0.053125 0.810937 0.0546875 0.809375 0.0546875 0.807812 0.05625 0.80625 0.05625 0.803125 0.0578125 0.801562 0.0578125 0.779687 0.059375 0.778125 0.059375 0.76875 0.0609375 0.767187 0.0609375 0.739062 0.0625 0.7375 0.0625 0.734375 0.0640625 0.732812 0.0640625 0.73125 0.065625 0.729687 0.065625 0.728125 0.0671875 0.726562 0.0671875 0.71875 0.065625 0.717187 0.065625 0.710937 0.0640625 0.709375 0.0640625 0.707812 0.0609375 0.707812 0.059375 0.70625
2 0.828125 0.975 0.826562 0.976562 0.825 0.976562 0.81875 0.982812 0.81875 0.998437 0.921875 0.998437 0.921875 0.992187 0.915625 0.985937 0.914062 0.985937 0.9125 0.984375 0.9125 0.982812 0.910937 0.982812 0.909375 0.98125 0.907812 0.98125 0.901563 0.975
2 0.889063 0.225 0.8875 0.226562 0.885938 0.226562 0.882812 0.229687 0.882812 0.23125 0.88125 0.232812 0.88125 0.246875 0.882812 0.248437 0.890625 0.248437 0.892187 0.25 0.896875 0.25 0.898438 0.251562 0.9 0.251562 0.901563 0.253125 0.904688 0.253125 0.90625 0.254687 0.939062 0.254687 0.940625 0.253125 0.945312 0.253125 0.946875 0.251562 0.948438 0.251562 0.953125 0.246875 0.953125 0.245312 0.951563 0.24375 0.951563 0.242188 0.95 0.240625 0.95 0.239063 0.948438 0.2375 0.948438 0.234375 0.946875 0.232812 0.946875 0.23125 0.942187 0.226562 0.940625 0.226562 0.939062 0.225
9 0.939062 0.81875 0.9375 0.820312 0.9375 0.898438 0.939062 0.9 0.939062 0.903125 0.942187 0.903125 0.94375 0.904688 0.953125 0.904688 0.954687 0.903125 0.957812 0.903125 0.959375 0.901563 0.959375 0.9 0.960938 0.898438 0.960938 0.896875 0.9625 0.895312 0.9625 0.865625 0.964063 0.864062 0.964063 0.851562 0.9625 0.85 0.9625 0.826562 0.960938 0.825 0.960938 0.820312 0.959375 0.81875
2 0.945312 0.95 0.94375 0.951563 0.942187 0.951563 0.939062 0.954687 0.939062 0.95625 0.9375 0.957812 0.9375 0.978125 0.939062 0.979687 0.94375 0.979687 0.945312 0.98125 0.953125 0.98125 0.954687 0.979687 0.976562 0.979687 0.978125 0.978125 0.98125 0.978125 0.9875 0.971875 0.9875 0.970312 0.989062 0.96875 0.989062 0.967188 0.990625 0.965625 0.990625 0.959375 0.989062 0.957812 0.989062 0.95625 0.984375 0.951563 0.98125 0.951563 0.979687 0.95
7 0.395312 0.5875 0.39375 0.589062 0.39375 0.615625 0.395312 0.617187 0.395312 0.620312 0.396875 0.621875 0.396875 0.623437 0.398437 0.625 0.398437 0.626562 0.4 0.628125 0.4 0.629687 0.401562 0.629687 0.403125 0.63125 0.40625 0.63125 0.407812 0.632812 0.410937 0.632812 0.4125 0.634375 0.415625 0.634375 0.417187 0.635937 0.440625 0.635937 0.445312 0.63125 0.445312 0.629687 0.446875 0.628125 0.446875 0.621875 0.448438 0.620312 0.448438 0.595312 0.446875 0.59375 0.446875 0.589062 0.44375 0.589062 0.442187 0.5875
0 0.307812 0.1 0.30625 0.101562 0.30625 0.153125 0.307812 0.154687 0.307812 0.15625 0.310937 0.15625 0.3125 0.157812 0.314062 0.157812 0.317187 0.154687 0.317187 0.153125 0.31875 0.151562 0.31875 0.148437 0.320312 0.146875 0.320312 0.145312 0.321875 0.14375 0.321875 0.115625 0.320312 0.114063 0.320312 0.1125 0.31875 0.110937 0.31875 0.107813 0.317187 0.10625 0.317187 0.101562 0.315625 0.1
2 0.759375 0.225 0.75625 0.228125 0.75625 0.245312 0.759375 0.248437 0.771875 0.248437 0.773437 0.246875 0.792187 0.246875 0.79375 0.245312 0.79375 0.24375 0.795312 0.242188 0.795312 0.239063 0.79375 0.2375 0.79375 0.235938 0.792187 0.234375 0.792187 0.232812 0.784375 0.225
5 0.034375 0.6125 0.0328125 0.614062 0.0296875 0.614062 0.028125 0.615625 0.028125 0.617187 0.0265625 0.61875 0.0265625 0.621875 0.025 0.623437 0.025 0.645312 0.0265625 0.646875 0.0265625 0.648437 0.0296875 0.648437 0.03125 0.65 0.034375 0.65 0.0359375 0.651562 0.0375 0.651562 0.0390625 0.653125 0.0421875 0.653125 0.04375 0.654687 0.0515625 0.654687 0.053125 0.65625 0.05625 0.65625 0.0578125 0.657812 0.0875 0.657812 0.0890625 0.659375 0.115625 0.659375 0.117188 0.657812 0.128125 0.657812 0.129687 0.65625 0.134375 0.65625 0.135937 0.654687 0.1375 0.654687 0.139062 0.653125 0.139062 0.651562 0.140625 0.65 0.140625 0.645312 0.139062 0.64375 0.139062 0.639062 0.1375 0.6375 0.1375 0.635937 0.135937 0.634375 0.135937 0.632812 0.134375 0.63125 0.134375 0.629687 0.13125 0.626562 0.129687 0.626562 0.126562 0.623437 0.125 0.623437 0.123437 0.621875 0.121875 0.621875 0.120312 0.620312 0.117188 0.620312 0.115625 0.61875 0.1125 0.61875 0.110937 0.617187 0.107813 0.617187 0.10625 0.615625 0.104687 0.615625 0.103125 0.614062 0.0921875 0.614062 0.090625 0.6125
9 0.814062 0.09375 0.8125 0.0953125 0.8125 0.115625 0.814062 0.117188 0.814062 0.11875 0.820312 0.11875 0.823437 0.115625 0.823437 0.0953125 0.821875 0.09375
9 0.901563 0.10625 0.9 0.107813 0.9 0.126562 0.901563 0.128125 0.904688 0.128125 0.90625 0.126562 0.90625 0.125 0.909375 0.121875 0.909375 0.109375 0.907812 0.107813 0.90625 0.107813 0.904688 0.10625
9 0.739062 0.09375 0.7375 0.0953125 0.7375 0.115625 0.739062 0.117188 0.742187 0.117188 0.74375 0.115625 0.745312 0.115625 0.746875 0.114063 0.746875 0.110937 0.748437 0.109375 0.748437 0.096875 0.745312 0.09375
2 0.0078125 0.66875 0.00625 0.670312 0.00625 0.709375 0.0078125 0.710937 0.0078125 0.7125 0.009375 0.714062 0.0125 0.714062 0.0140625 0.715625 0.0234375 0.715625 0.025 0.717187 0.0359375 0.717187 0.0375 0.715625 0.0390625 0.715625 0.040625 0.714062 0.0421875 0.714062 0.0453125 0.710937 0.046875 0.710937 0.053125 0.704687 0.059375 0.704687 0.071875 0.717187 0.0890625 0.717187 0.090625 0.715625 0.090625 0.710937 0.0921875 0.709375 0.0921875 0.704687 0.090625 0.703125 0.090625 0.7 0.0890625 0.698437 0.0890625 0.696875 0.0859375 0.69375 0.0859375 0.692187 0.0765625 0.682812 0.0703125 0.682812 0.06875 0.68125 0.0640625 0.68125 0.0625 0.679687 0.059375 0.679687 0.05625 0.676562 0.0546875 0.676562 0.05 0.671875 0.046875 0.671875 0.0453125 0.670312 0.03125 0.670312 0.0296875 0.66875
0 0.220313 0.1 0.21875 0.101562 0.21875 0.14375 0.220313 0.145312 0.220313 0.146875 0.228125 0.146875 0.229687 0.145312 0.229687 0.120312 0.23125 0.11875 0.23125 0.1125 0.229687 0.110937 0.229687 0.104687 0.226562 0.101562 0.225 0.101562 0.223438 0.1
9 0.820312 0.85625 0.81875 0.857813 0.81875 0.871875 0.820312 0.873438 0.820312 0.875 0.821875 0.875 0.821875 0.873438 0.823437 0.871875 0.823437 0.857813 0.821875 0.85625
