2 0.478125 0.2625 0.476562 0.264062 0.475 0.264062 0.473437 0.265625 0.471875 0.265625 0.470313 0.267187 0.46875 0.267187 0.467187 0.26875 0.465625 0.26875 0.464063 0.270312 0.4625 0.270312 0.459375 0.273437 0.457812 0.273437 0.451562 0.279687 0.451562 0.28125 0.45 0.282812 0.45 0.326562 0.451562 0.328125 0.451562 0.329687 0.454688 0.329687 0.45625 0.33125 0.460938 0.33125 0.4625 0.332812 0.479688 0.332812 0.48125 0.334375 0.509375 0.334375 0.510937 0.332812 0.592187 0.332812 0.59375 0.33125 0.595312 0.33125 0.596875 0.329687 0.596875 0.323437 0.598437 0.321875 0.596875 0.320312 0.596875 0.309375 0.595312 0.307812 0.595312 0.30625 0.59375 0.304687 0.59375 0.303125 0.592187 0.301562 0.592187 0.3 0.5875 0.295312 0.5875 0.29375 0.585937 0.292187 0.585937 0.290625 0.579687 0.284375 0.579687 0.282812 0.573437 0.276562 0.573437 0.275 0.567187 0.26875 0.567187 0.267187 0.564062 0.264062 0.560937 0.264062 0.559375 0.2625
9 0.557812 0.0625 0.55625 0.0640625 0.55625 0.096875 0.557812 0.0984375 0.557812 0.1 0.564062 0.1 0.567187 0.096875 0.567187 0.0640625 0.565625 0.0625
2 0.428125 0.20625 0.425 0.209375 0.425 0.235938 0.426562 0.2375 0.426562 0.239063 0.428125 0.240625 0.43125 0.240625 0.432813 0.242188 0.4375 0.242188 0.439063 0.240625 0.440625 0.240625 0.442187 0.242188 0.448438 0.242188 0.45 0.240625 0.467187 0.240625 0.467187 0.239063 0.46875 0.2375 0.46875 0.235938 0.470313 0.234375 0.470313 0.229687 0.46875 0.228125 0.46875 0.221875 0.467187 0.220313 0.467187 0.2125 0.465625 0.210937 0.465625 0.209375 0.464063 0.207812 0.4625 0.207812 0.460938 0.20625
9 0.451562 0.0625 0.45 0.0640625 0.45 0.103125 0.451562 0.104687 0.451562 0.10625 0.453125 0.107813 0.457812 0.107813 0.460938 0.104687 0.460938 0.0953125 0.4625 0.09375 0.4625 0.065625 0.459375 0.0625
7 0.432813 0.725 0.43125 0.726562 0.429688 0.726562 0.428125 0.728125 0.426562 0.728125 0.426562 0.729687 0.425 0.73125 0.425 0.732812 0.421875 0.735937 0.41875 0.735937 0.417187 0.7375 0.414062 0.7375 0.4125 0.739062 0.4125 0.760937 0.414062 0.7625 0.414062 0.764062 0.415625 0.765625 0.429688 0.765625 0.43125 0.764062 0.446875 0.764062 0.448438 0.765625 0.457812 0.765625 0.460938 0.7625 0.4625 0.7625 0.464063 0.760937 0.46875 0.760937 0.470313 0.759375 0.476562 0.759375 0.48125 0.754687 0.48125 0.753125 0.482812 0.751562 0.482812 0.746875 0.48125 0.745312 0.48125 0.742187 0.479688 0.740625 0.479688 0.735937 0.478125 0.734375 0.478125 0.732812 0.471875 0.726562 0.470313 0.726562 0.46875 0.725
2 0.56875 0.725 0.567187 0.726562 0.565625 0.726562 0.5625 0.729687 0.560937 0.729687 0.55625 0.734375 0.55625 0.754687 0.557812 0.75625 0.557812 0.757812 0.559375 0.759375 0.570312 0.759375 0.571875 0.757812 0.576562 0.757812 0.578125 0.75625 0.582812 0.75625 0.584375 0.757812 0.5875 0.757812 0.589062 0.759375 0.596875 0.759375 0.598437 0.757812 0.6 0.757812 0.603125 0.754687 0.604687 0.754687 0.60625 0.753125 0.60625 0.751562 0.607812 0.75 0.607812 0.740625 0.60625 0.739062 0.60625 0.734375 0.604687 0.732812 0.604687 0.729687 0.603125 0.728125 0.603125 0.726562 0.6 0.726562 0.598437 0.725
9 0.364062 0.05625 0.3625 0.0578125 0.3625 0.096875 0.364062 0.0984375 0.371875 0.0984375 0.373437 0.096875 0.373437 0.0578125 0.371875 0.05625
2 0.376562 0.19375 0.375 0.195312 0.375 0.207812 0.376562 0.209375 0.376562 0.210937 0.401562 0.210937 0.404687 0.207812 0.403125 0.20625 0.403125 0.196875 0.401562 0.195312 0.4 0.195312 0.398437 0.19375
7 0.515625 0.71875 0.514062 0.720312 0.5125 0.720312 0.5125 0.721875 0.509375 0.725 0.503125 0.725 0.5 0.728125 0.5 0.74375 0.501562 0.745312 0.501562 0.746875 0.514062 0.746875 0.515625 0.745312 0.529687 0.745312 0.53125 0.746875 0.539062 0.746875 0.540625 0.745312 0.54375 0.745312 0.545312 0.74375 0.546875 0.74375 0.553125 0.7375 0.553125 0.73125 0.546875 0.725 0.545312 0.725 0.542187 0.721875 0.542187 0.720312 0.540625 0.720312 0.539062 0.71875
2 0.934375 0.425 0.93125 0.428125 0.93125 0.440625 0.932813 0.442187 0.932813 0.44375 0.953125 0.44375 0.95625 0.440625 0.95625 0.435937 0.957812 0.434375 0.957812 0.432813 0.95625 0.43125 0.95625 0.426562 0.954687 0.426562 0.953125 0.425
