2 0.41875 0.51875 0.417187 0.520312 0.414062 0.520312 0.4125 0.521875 0.4125 0.523437 0.410937 0.525 0.410937 0.526562 0.403125 0.534375 0.403125 0.535937 0.401562 0.5375 0.401562 0.539062 0.4 0.540625 0.4 0.579687 0.401562 0.58125 0.401562 0.584375 0.403125 0.585937 0.40625 0.585937 0.407812 0.5875 0.414062 0.5875 0.415625 0.585937 0.423437 0.585937 0.425 0.584375 0.446875 0.584375 0.448438 0.585937 0.473437 0.585937 0.475 0.584375 0.476562 0.584375 0.482812 0.578125 0.484375 0.578125 0.492187 0.570312 0.492187 0.567187 0.49375 0.565625 0.49375 0.5625 0.495312 0.560937 0.495312 0.54375 0.49375 0.542187 0.49375 0.539062 0.492187 0.5375 0.492187 0.535937 0.479688 0.523437 0.479688 0.521875 0.478125 0.520312 0.473437 0.520312 0.471875 0.51875
2 0.11875 0.9125 0.117188 0.914062 0.114063 0.914062 0.110937 0.917188 0.109375 0.917188 0.10625 0.920313 0.10625 0.934375 0.107813 0.935938 0.107813 0.9375 0.110937 0.940625 0.120312 0.940625 0.121875 0.942187 0.1375 0.942187 0.139062 0.94375 0.142187 0.94375 0.14375 0.942187 0.170312 0.942187 0.171875 0.940625 0.175 0.940625 0.176562 0.939062 0.178125 0.939062 0.182812 0.934375 0.182812 0.93125 0.184375 0.929688 0.184375 0.926562 0.18125 0.923437 0.18125 0.921875 0.171875 0.9125
2 0.10625 0.08125 0.104687 0.0828125 0.103125 0.0828125 0.101562 0.084375 0.101562 0.0859375 0.1 0.0875 0.1 0.109375 0.101562 0.110937 0.104687 0.110937 0.10625 0.109375 0.125 0.109375 0.126562 0.110937 0.134375 0.110937 0.135937 0.109375 0.140625 0.109375 0.14375 0.10625 0.14375 0.104687 0.145312 0.103125 0.145312 0.09375 0.14375 0.0921875 0.14375 0.0875 0.142187 0.0859375 0.142187 0.084375 0.140625 0.0828125 0.1375 0.0828125 0.135937 0.08125
2 0.245312 0.08125 0.24375 0.0828125 0.24375 0.101562 0.246875 0.104687 0.265625 0.104687 0.26875 0.101562 0.26875 0.0859375 0.267187 0.084375 0.267187 0.0828125 0.265625 0.08125
9 0.776562 0.4375 0.775 0.439063 0.775 0.471875 0.776562 0.473437 0.784375 0.473437 0.785937 0.471875 0.785937 0.439063 0.784375 0.4375
9 0.165625 0.44375 0.1625 0.446875 0.1625 0.63125 0.164062 0.632812 0.164062 0.634375 0.173437 0.634375 0.175 0.632812 0.175 0.63125 0.176562 0.629687 0.176562 0.626562 0.182812 0.620312 0.195312 0.620312 0.198437 0.617187 0.198437 0.615625 0.2 0.614062 0.2 0.609375 0.201562 0.607812 0.201562 0.592187 0.203125 0.590625 0.201562 0.589062 0.201562 0.579687 0.203125 0.578125 0.203125 0.570312 0.204687 0.56875 0.204687 0.560937 0.20625 0.559375 0.20625 0.517187 0.204687 0.515625 0.204687 0.503125 0.20625 0.501562 0.20625 0.490625 0.204687 0.489062 0.204687 0.46875 0.20625 0.467187 0.20625 0.454688 0.204687 0.453125 0.204687 0.446875 0.203125 0.445312 0.2 0.445312 0.198437 0.44375
2 0.164062 0.075 0.1625 0.0765625 0.1625 0.084375 0.164062 0.0859375 0.176562 0.0859375 0.178125 0.084375 0.178125 0.0765625 0.176562 0.075
9 0.0578125 0.74375 0.05625 0.745312 0.05625 0.776562 0.0578125 0.778125 0.065625 0.778125 0.0671875 0.776562 0.0671875 0.773437 0.06875 0.771875 0.06875 0.765625 0.0703125 0.764062 0.0703125 0.75625 0.071875 0.754687 0.071875 0.745312 0.0703125 0.74375
2 0.51875 0.49375 0.517187 0.495312 0.514062 0.495312 0.514062 0.5 0.5125 0.501562 0.5125 0.523437 0.514062 0.525 0.514062 0.528125 0.545312 0.528125 0.546875 0.526562 0.548437 0.526562 0.553125 0.521875 0.553125 0.5125 0.551562 0.510937 0.551562 0.509375 0.55 0.507812 0.55 0.504687 0.548437 0.503125 0.548437 0.498437 0.546875 0.496875 0.546875 0.495312 0.54375 0.495312 0.542187 0.49375
9 0.170312 0.74375 0.16875 0.745312 0.16875 0.778125 0.170312 0.779687 0.170312 0.78125 0.171875 0.782812 0.176562 0.782812 0.178125 0.78125 0.18125 0.78125 0.182812 0.779687 0.184375 0.779687 0.184375 0.778125 0.185937 0.776562 0.185937 0.745312 0.184375 0.74375
2 0.3875 0.50625 0.385937 0.507812 0.382812 0.507812 0.382812 0.510937 0.38125 0.5125 0.38125 0.526562 0.384375 0.529687 0.392187 0.529687 0.39375 0.528125 0.404687 0.528125 0.40625 0.526562 0.407812 0.526562 0.410937 0.523437 0.410937 0.517187 0.4125 0.515625 0.410937 0.514062 0.410937 0.507812 0.409375 0.50625
7 0.582812 0.475 0.58125 0.476562 0.58125 0.534375 0.582812 0.535937 0.582812 0.5375 0.6 0.5375 0.601562 0.535937 0.603125 0.5375 0.615625 0.5375 0.617187 0.535937 0.61875 0.535937 0.620312 0.534375 0.620312 0.532812 0.621875 0.53125 0.621875 0.514062 0.620312 0.5125 0.620312 0.507812 0.61875 0.50625 0.61875 0.503125 0.617187 0.501562 0.617187 0.492187 0.615625 0.490625 0.615625 0.48125 0.614062 0.479688 0.614062 0.478125 0.610937 0.475
