5 0.103125 0.11875 0.101562 0.120312 0.09375 0.120312 0.0921875 0.121875 0.0890625 0.121875 0.0875 0.123437 0.0875 0.125 0.084375 0.128125 0.084375 0.13125 0.0828125 0.132812 0.0828125 0.139062 0.08125 0.140625 0.08125 0.215625 0.0828125 0.217187 0.0828125 0.220313 0.0859375 0.223438 0.0875 0.223438 0.0890625 0.225 0.0921875 0.225 0.09375 0.226562 0.1 0.226562 0.101562 0.225 0.10625 0.225 0.107813 0.223438 0.114063 0.223438 0.115625 0.221875 0.153125 0.221875 0.154687 0.223438 0.1625 0.223438 0.164062 0.225 0.165625 0.225 0.167187 0.223438 0.173437 0.223438 0.175 0.221875 0.176562 0.221875 0.178125 0.220313 0.179687 0.220313 0.18125 0.21875 0.182812 0.21875 0.184375 0.217187 0.185937 0.217187 0.1875 0.215625 0.189062 0.215625 0.192187 0.2125 0.195312 0.2125 0.196875 0.210937 0.198437 0.210937 0.2 0.209375 0.201562 0.209375 0.203125 0.207812 0.204687 0.207812 0.20625 0.20625 0.209375 0.20625 0.210937 0.204687 0.2125 0.204687 0.214062 0.203125 0.215625 0.203125 0.223438 0.195312 0.223438 0.192187 0.225 0.190625 0.225 0.1875 0.226562 0.185937 0.226562 0.184375 0.228125 0.182812 0.228125 0.175 0.229687 0.173437 0.229687 0.157812 0.23125 0.15625 0.23125 0.153125 0.232812 0.151562 0.232812 0.14375 0.234375 0.142187 0.234375 0.132812 0.232812 0.13125 0.232812 0.129687 0.229687 0.126562 0.226562 0.126562 0.225 0.125 0.223438 0.125 0.221875 0.123437 0.220313 0.123437 0.21875 0.121875 0.215625 0.121875 0.214062 0.120312 0.2 0.120312 0.198437 0.11875
2 0.484375 0.74375 0.48125 0.746875 0.48125 0.765625 0.482812 0.767187 0.535937 0.767187 0.5375 0.765625 0.540625 0.765625 0.545312 0.760937 0.546875 0.760937 0.546875 0.759375 0.548437 0.757812 0.548437 0.75 0.546875 0.748437 0.546875 0.746875 0.545312 0.745312 0.54375 0.745312 0.542187 0.74375
2 0.267187 0.1625 0.265625 0.164062 0.264062 0.164062 0.264062 0.165625 0.2625 0.167187 0.2625 0.184375 0.264062 0.185937 0.264062 0.1875 0.270312 0.1875 0.271875 0.185937 0.298437 0.185937 0.3 0.184375 0.301562 0.184375 0.303125 0.182812 0.303125 0.176562 0.301562 0.175 0.301562 0.173437 0.3 0.171875 0.3 0.16875 0.298437 0.167187 0.298437 0.165625 0.296875 0.164062 0.295312 0.164062 0.29375 0.1625
2 0.870313 0.4375 0.86875 0.439063 0.86875 0.465625 0.870313 0.467187 0.873438 0.467187 0.875 0.46875 0.895312 0.46875 0.898438 0.465625 0.898438 0.453125 0.896875 0.451562 0.896875 0.446875 0.895312 0.445312 0.895312 0.44375 0.89375 0.442187 0.89375 0.440625 0.890625 0.4375
2 0.826562 0.44375 0.825 0.445312 0.825 0.459375 0.826562 0.460938 0.84375 0.460938 0.845312 0.459375 0.846875 0.459375 0.846875 0.446875 0.845312 0.445312 0.84375 0.445312 0.842187 0.44375
2 0.970312 0.4625 0.96875 0.464063 0.96875 0.478125 0.970312 0.479688 0.970312 0.48125 0.98125 0.48125 0.982812 0.482812 0.984375 0.48125 0.985937 0.48125 0.9875 0.479688 0.989062 0.479688 0.990625 0.478125 0.990625 0.470313 0.989062 0.46875 0.989062 0.465625 0.9875 0.464063 0.985937 0.464063 0.984375 0.4625
2 0.410937 0.73125 0.409375 0.732812 0.407812 0.732812 0.404687 0.735937 0.403125 0.735937 0.401562 0.7375 0.39375 0.7375 0.392187 0.739062 0.390625 0.739062 0.389062 0.740625 0.389062 0.742187 0.3875 0.74375 0.3875 0.757812 0.395312 0.765625 0.404687 0.765625 0.40625 0.764062 0.409375 0.764062 0.410937 0.765625 0.425 0.765625 0.426562 0.764062 0.429688 0.764062 0.43125 0.7625 0.445312 0.7625 0.446875 0.760937 0.470313 0.760937 0.473437 0.757812 0.473437 0.75625 0.475 0.754687 0.475 0.753125 0.478125 0.75 0.478125 0.748437 0.479688 0.746875 0.479688 0.739062 0.476562 0.735937 0.475 0.735937 0.473437 0.734375 0.471875 0.734375 0.470313 0.732812 0.4625 0.732812 0.460938 0.73125
9 0.832812 0.09375 0.83125 0.0953125 0.83125 0.121875 0.834375 0.125 0.835937 0.123437 0.8375 0.123437 0.840625 0.120312 0.840625 0.107813 0.839062 0.10625 0.839062 0.096875 0.8375 0.0953125 0.835937 0.0953125 0.834375 0.09375
7 0.410937 0.73125 0.409375 0.732812 0.407812 0.732812 0.404687 0.735937 0.403125 0.735937 0.401562 0.7375 0.395312 0.7375 0.395312 0.739062 0.39375 0.740625 0.39375 0.760937 0.395312 0.7625 0.395312 0.765625 0.404687 0.765625 0.40625 0.764062 0.409375 0.764062 0.410937 0.765625 0.425 0.765625 0.426562 0.764062 0.429688 0.764062 0.43125 0.7625 0.445312 0.7625 0.446875 0.760937 0.470313 0.760937 0.473437 0.757812 0.473437 0.75625 0.476562 0.753125 0.476562 0.751562 0.478125 0.75 0.478125 0.748437 0.479688 0.746875 0.479688 0.742187 0.48125 0.740625 0.476562 0.735937 0.475 0.735937 0.473437 0.734375 0.471875 0.734375 0.470313 0.732812 0.4625 0.732812 0.460938 0.73125
2 0.245312 0.16875 0.24375 0.170312 0.24375 0.173437 0.245312 0.175 0.245312 0.176562 0.246875 0.178125 0.25625 0.178125 0.257812 0.176562 0.259375 0.176562 0.259375 0.175 0.2625 0.171875 0.259375 0.16875
6 0.0078125 0.43125 0.00625 0.432813 0.00625 0.682812 0.0078125 0.684375 0.0078125 0.703125 0.0515625 0.703125 0.053125 0.701562 0.0578125 0.701562 0.0625 0.696875 0.0640625 0.696875 0.065625 0.695312 0.0671875 0.695312 0.06875 0.69375 0.0703125 0.69375 0.071875 0.692187 0.0734375 0.692187 0.075 0.690625 0.0765625 0.690625 0.0796875 0.6875 0.08125 0.6875 0.0828125 0.685937 0.084375 0.685937 0.0859375 0.684375 0.0875 0.684375 0.0890625 0.682812 0.090625 0.682812 0.09375 0.679687 0.0953125 0.679687 0.0984375 0.676562 0.1 0.676562 0.101562 0.675 0.103125 0.675 0.117188 0.660937 0.117188 0.659375 0.120312 0.65625 0.120312 0.654687 0.121875 0.653125 0.121875 0.651562 0.123437 0.65 0.123437 0.648437 0.125 0.646875 0.125 0.64375 0.126562 0.642187 0.126562 0.63125 0.128125 0.629687 0.128125 0.559375 0.126562 0.557812 0.126562 0.535937 0.125 0.534375 0.125 0.532812 0.11875 0.526562 0.11875 0.525 0.115625 0.521875 0.115625 0.51875 0.114063 0.517187 0.114063 0.514062 0.1125 0.5125 0.1125 0.510937 0.110937 0.509375 0.110937 0.495312 0.1125 0.49375 0.1125 0.4875 0.110937 0.485938 0.110937 0.484375 0.10625 0.479688 0.10625 0.478125 0.101562 0.473437 0.101562 0.471875 0.1 0.470313 0.1 0.467187 0.0984375 0.465625 0.0984375 0.464063 0.096875 0.4625 0.096875 0.460938 0.0953125 0.459375 0.0953125 0.457812 0.09375 0.45625 0.09375 0.453125 0.0921875 0.451562 0.0921875 0.45 0.090625 0.448438 0.090625 0.446875 0.0828125 0.439063 0.08125 0.439063 0.0796875 0.4375 0.0765625 0.4375 0.075 0.435937 0.0703125 0.435937 0.06875 0.434375 0.0640625 0.434375 0.0625 0.432813 0.0515625 0.432813 0.05 0.43125
