5 0.764062 0.15 0.7625 0.151562 0.757812 0.151562 0.754687 0.154687 0.753125 0.154687 0.753125 0.15625 0.751562 0.157812 0.751562 0.160937 0.75 0.1625 0.75 0.2125 0.751562 0.214062 0.751562 0.215625 0.753125 0.217187 0.754687 0.217187 0.75625 0.21875 0.759375 0.21875 0.760937 0.220313 0.7625 0.220313 0.764062 0.221875 0.765625 0.221875 0.767187 0.223438 0.76875 0.223438 0.770312 0.225 0.771875 0.225 0.775 0.228125 0.775 0.229687 0.776562 0.23125 0.778125 0.23125 0.79375 0.246875 0.79375 0.248437 0.795312 0.25 0.795312 0.251562 0.798437 0.254687 0.798437 0.25625 0.8 0.257812 0.8 0.265625 0.801562 0.267187 0.801562 0.276562 0.803125 0.278125 0.803125 0.279687 0.804687 0.28125 0.804687 0.282812 0.80625 0.284375 0.807812 0.284375 0.809375 0.285937 0.832812 0.285937 0.834375 0.284375 0.839062 0.284375 0.840625 0.282812 0.842187 0.282812 0.84375 0.28125 0.846875 0.28125 0.848437 0.279687 0.85625 0.279687 0.857813 0.278125 0.871875 0.278125 0.873438 0.279687 0.876562 0.279687 0.879687 0.282812 0.88125 0.282812 0.882812 0.284375 0.890625 0.284375 0.892187 0.282812 0.895312 0.282812 0.896875 0.28125 0.903125 0.28125 0.904688 0.279687 0.907812 0.279687 0.910937 0.276562 0.9125 0.276562 0.914062 0.275 0.917188 0.275 0.91875 0.273437 0.923437 0.273437 0.925 0.271875 0.951563 0.271875 0.95625 0.267187 0.95625 0.242188 0.957812 0.240625 0.957812 0.223438 0.959375 0.221875 0.959375 0.214062 0.957812 0.2125 0.957812 0.184375 0.95625 0.182812 0.95625 0.171875 0.954687 0.170312 0.954687 0.16875 0.953125 0.167187 0.953125 0.165625 0.94375 0.15625 0.942187 0.15625 0.940625 0.154687 0.939062 0.154687 0.935938 0.151562 0.929688 0.151562 0.928125 0.15
2 0.473437 0.49375 0.471875 0.495312 0.470313 0.495312 0.470313 0.496875 0.46875 0.498437 0.46875 0.528125 0.470313 0.529687 0.470313 0.53125 0.471875 0.532812 0.473437 0.53125 0.476562 0.53125 0.478125 0.529687 0.496875 0.529687 0.498437 0.53125 0.507812 0.53125 0.510937 0.528125 0.510937 0.509375 0.509375 0.507812 0.509375 0.504687 0.50625 0.501562 0.50625 0.498437 0.504687 0.496875 0.504687 0.495312 0.503125 0.49375
5 0.953125 0.14375 0.95 0.146875 0.95 0.159375 0.951563 0.160937 0.951563 0.1625 0.953125 0.164062 0.953125 0.165625 0.954687 0.167187 0.954687 0.16875 0.95625 0.170312 0.95625 0.173437 0.957812 0.175 0.957812 0.189062 0.959375 0.190625 0.959375 0.21875 0.960938 0.220313 0.960938 0.226562 0.959375 0.228125 0.959375 0.242188 0.957812 0.24375 0.957812 0.254687 0.95625 0.25625 0.95625 0.260937 0.957812 0.2625 0.957812 0.267187 0.959375 0.26875 0.965625 0.26875 0.967188 0.270312 0.979687 0.270312 0.98125 0.271875 0.984375 0.271875 0.985937 0.273437 0.9875 0.273437 0.989062 0.275 0.990625 0.275 0.992187 0.276562 0.998437 0.276562 0.998437 0.14375
2 0.701562 0.21875 0.7 0.220313 0.696875 0.220313 0.69375 0.223438 0.69375 0.226562 0.692187 0.228125 0.692187 0.229687 0.689062 0.232812 0.6875 0.232812 0.684375 0.235938 0.684375 0.2375 0.682812 0.239063 0.682812 0.245312 0.68125 0.246875 0.68125 0.290625 0.682812 0.292187 0.682812 0.295312 0.684375 0.296875 0.684375 0.298437 0.685937 0.298437 0.689062 0.301562 0.690625 0.301562 0.692187 0.303125 0.69375 0.303125 0.695312 0.304687 0.698437 0.304687 0.7 0.30625 0.703125 0.30625 0.704687 0.307812 0.707812 0.307812 0.709375 0.309375 0.720312 0.309375 0.721875 0.307812 0.729687 0.307812 0.73125 0.309375 0.75 0.309375 0.751562 0.307812 0.771875 0.307812 0.776562 0.3125 0.778125 0.3125 0.78125 0.315625 0.782812 0.315625 0.784375 0.317187 0.789062 0.317187 0.790625 0.315625 0.79375 0.315625 0.796875 0.3125 0.796875 0.310937 0.798437 0.309375 0.798437 0.30625 0.8 0.304687 0.8 0.298437 0.801562 0.296875 0.801562 0.292187 0.8 0.290625 0.8 0.273437 0.798437 0.271875 0.798437 0.260937 0.796875 0.259375 0.796875 0.25625 0.795312 0.254687 0.795312 0.253125 0.792187 0.25 0.792187 0.248437 0.773437 0.229687 0.773437 0.228125 0.770312 0.225 0.76875 0.225 0.764062 0.220313 0.754687 0.220313 0.753125 0.21875
2 0.15 0.45625 0.148437 0.457812 0.145312 0.457812 0.145312 0.460938 0.14375 0.4625 0.14375 0.498437 0.145312 0.5 0.145312 0.501562 0.146875 0.503125 0.154687 0.503125 0.15625 0.501562 0.171875 0.501562 0.173437 0.503125 0.1875 0.503125 0.190625 0.5 0.190625 0.476562 0.189062 0.475 0.189062 0.473437 0.1875 0.471875 0.1875 0.46875 0.185937 0.467187 0.185937 0.4625 0.184375 0.460938 0.184375 0.459375 0.182812 0.457812 0.179687 0.457812 0.178125 0.45625
2 0.570312 0.5125 0.56875 0.514062 0.564062 0.514062 0.5625 0.515625 0.560937 0.515625 0.559375 0.517187 0.557812 0.517187 0.557812 0.520312 0.55625 0.521875 0.55625 0.542187 0.557812 0.54375 0.557812 0.546875 0.559375 0.546875 0.560937 0.548437 0.609375 0.548437 0.610937 0.546875 0.6125 0.546875 0.6125 0.54375 0.614062 0.542187 0.614062 0.5375 0.6125 0.535937 0.6125 0.521875 0.610937 0.520312 0.610937 0.515625 0.609375 0.514062 0.607812 0.514062 0.60625 0.5125
2 0.726562 0.55625 0.725 0.557812 0.725 0.578125 0.728125 0.58125 0.745312 0.58125 0.746875 0.579687 0.759375 0.579687 0.760937 0.578125 0.760937 0.5625 0.759375 0.560937 0.759375 0.559375 0.757812 0.557812 0.754687 0.557812 0.753125 0.55625
2 0.80625 0.55625 0.804687 0.557812 0.801562 0.557812 0.801562 0.560937 0.8 0.5625 0.8 0.582812 0.803125 0.585937 0.834375 0.585937 0.8375 0.582812 0.8375 0.58125 0.839062 0.579687 0.839062 0.578125 0.840625 0.576562 0.839062 0.575 0.839062 0.567187 0.8375 0.565625 0.8375 0.5625 0.835937 0.560937 0.835937 0.559375 0.834375 0.557812 0.832812 0.557812 0.83125 0.55625
2 0.451562 0.48125 0.45 0.482812 0.45 0.490625 0.453125 0.49375 0.454688 0.492187 0.460938 0.492187 0.4625 0.490625 0.4625 0.489062 0.464063 0.4875 0.464063 0.482812 0.4625 0.482812 0.460938 0.48125
2 0.526562 0.48125 0.525 0.482812 0.525 0.514062 0.528125 0.517187 0.53125 0.517187 0.532812 0.515625 0.548437 0.515625 0.55 0.514062 0.553125 0.514062 0.55625 0.510937 0.557812 0.510937 0.559375 0.509375 0.559375 0.492187 0.557812 0.490625 0.557812 0.4875 0.55625 0.485938 0.55625 0.482812 0.554687 0.482812 0.553125 0.48125
2 0.870313 0.54375 0.86875 0.545312 0.86875 0.553125 0.870313 0.554687 0.901563 0.554687 0.903125 0.553125 0.903125 0.55 0.901563 0.548437 0.901563 0.546875 0.9 0.545312 0.898438 0.545312 0.896875 0.54375
2 0.189062 0.80625 0.1875 0.807812 0.1875 0.828125 0.189062 0.829687 0.189062 0.83125 0.192187 0.83125 0.19375 0.832812 0.203125 0.832812 0.204687 0.83125 0.210937 0.83125 0.2125 0.829687 0.214062 0.829687 0.215625 0.828125 0.215625 0.825 0.217187 0.823437 0.217187 0.814062 0.215625 0.8125 0.215625 0.809375 0.214062 0.807812 0.2125 0.807812 0.210937 0.80625
6 0.759375 0.8 0.757812 0.801562 0.753125 0.801562 0.751562 0.803125 0.751562 0.810937 0.75 0.8125 0.75 0.882812 0.751562 0.884375 0.751562 0.8875 0.753125 0.889063 0.796875 0.889063 0.8 0.892187 0.801562 0.892187 0.803125 0.89375 0.807812 0.89375 0.809375 0.892187 0.810937 0.892187 0.823437 0.879687 0.823437 0.878125 0.826562 0.875 0.826562 0.873438 0.828125 0.871875 0.828125 0.854688 0.829687 0.853125 0.829687 0.840625 0.828125 0.839062 0.828125 0.814062 0.826562 0.8125 0.826562 0.80625 0.825 0.804687 0.825 0.803125 0.823437 0.801562 0.821875 0.801562 0.820312 0.8
