2 0.71875 0.4875 0.717187 0.489062 0.714062 0.489062 0.714062 0.492187 0.7125 0.49375 0.7125 0.523437 0.714062 0.525 0.714062 0.528125 0.715625 0.529687 0.71875 0.529687 0.720312 0.53125 0.729687 0.53125 0.73125 0.529687 0.74375 0.529687 0.745312 0.53125 0.75625 0.53125 0.757812 0.529687 0.760937 0.529687 0.7625 0.528125 0.764062 0.528125 0.765625 0.526562 0.765625 0.523437 0.767187 0.521875 0.767187 0.509375 0.765625 0.507812 0.765625 0.501562 0.764062 0.5 0.764062 0.498437 0.7625 0.496875 0.7625 0.495312 0.760937 0.49375 0.760937 0.492187 0.757812 0.489062 0.75625 0.489062 0.754687 0.4875
7 0.901563 0.4375 0.9 0.439063 0.9 0.496875 0.903125 0.5 0.909375 0.5 0.910937 0.498437 0.923437 0.498437 0.925 0.496875 0.929688 0.496875 0.93125 0.498437 0.935938 0.498437 0.9375 0.5 0.939062 0.5 0.940625 0.501562 0.945312 0.501562 0.948438 0.498437 0.948438 0.49375 0.95 0.492187 0.95 0.482812 0.951563 0.48125 0.951563 0.476562 0.953125 0.475 0.953125 0.464063 0.954687 0.4625 0.954687 0.440625 0.951563 0.4375
2 0.520312 0.825 0.51875 0.826562 0.51875 0.846875 0.520312 0.848437 0.548437 0.848437 0.55 0.846875 0.551562 0.846875 0.553125 0.845312 0.553125 0.834375 0.55 0.83125 0.55 0.829687 0.548437 0.828125 0.548437 0.826562 0.546875 0.825
5 0.0265625 0.05625 0.025 0.0578125 0.009375 0.0578125 0.0078125 0.059375 0.0078125 0.0703125 0.00625 0.071875 0.00625 0.11875 0.0078125 0.120312 0.0078125 0.128125 0.009375 0.129687 0.015625 0.129687 0.0171875 0.128125 0.10625 0.128125 0.107813 0.129687 0.114063 0.129687 0.115625 0.128125 0.13125 0.128125 0.132812 0.126562 0.142187 0.126562 0.14375 0.125 0.176562 0.125 0.178125 0.123437 0.184375 0.123437 0.185937 0.121875 0.189062 0.121875 0.195312 0.115625 0.195312 0.114063 0.196875 0.1125 0.196875 0.084375 0.195312 0.0828125 0.195312 0.08125 0.19375 0.0796875 0.19375 0.078125 0.192187 0.0765625 0.192187 0.075 0.190625 0.0734375 0.190625 0.071875 0.189062 0.0703125 0.189062 0.06875 0.185937 0.065625 0.185937 0.0625 0.18125 0.0578125 0.178125 0.0578125 0.176562 0.05625
2 0.0046875 0.83125 0.003125 0.832812 0 0.832812 0 0.898438 0.0015625 0.898438 0.003125 0.9 0.00625 0.9 0.0078125 0.901563 0.0125 0.901563 0.0140625 0.9 0.028125 0.9 0.0296875 0.898438 0.04375 0.898438 0.0453125 0.9 0.05 0.9 0.0515625 0.901563 0.065625 0.901563 0.0671875 0.9 0.06875 0.9 0.0734375 0.895312 0.0734375 0.892187 0.075 0.890625 0.075 0.871875 0.0734375 0.870313 0.0734375 0.85625 0.075 0.854688 0.075 0.853125 0.0734375 0.851562 0.0734375 0.846875 0.0671875 0.840625 0.0671875 0.839062 0.065625 0.8375 0.065625 0.835937 0.0625 0.832812 0.0609375 0.832812 0.059375 0.83125
2 0.446875 0.825 0.44375 0.828125 0.44375 0.85625 0.445312 0.857813 0.445312 0.859375 0.45 0.859375 0.451562 0.857813 0.473437 0.857813 0.475 0.859375 0.478125 0.859375 0.479688 0.857813 0.482812 0.857813 0.484375 0.85625 0.484375 0.853125 0.485938 0.851562 0.485938 0.840625 0.484375 0.839062 0.484375 0.83125 0.482812 0.829687 0.482812 0.828125 0.48125 0.826562 0.479688 0.826562 0.478125 0.825
5 0.165625 0.79375 0.164062 0.795312 0.157812 0.795312 0.154687 0.798437 0.153125 0.798437 0.148437 0.803125 0.148437 0.804687 0.145312 0.807812 0.145312 0.814062 0.14375 0.815625 0.14375 0.890625 0.145312 0.892187 0.145312 0.89375 0.148437 0.896875 0.154687 0.896875 0.15625 0.898438 0.164062 0.898438 0.165625 0.9 0.178125 0.9 0.179687 0.901563 0.1875 0.901563 0.189062 0.903125 0.2 0.903125 0.201562 0.901563 0.210937 0.901563 0.2125 0.9 0.221875 0.9 0.223438 0.901563 0.226562 0.901563 0.228125 0.903125 0.23125 0.903125 0.232812 0.904688 0.234375 0.904688 0.2375 0.907812 0.239063 0.907812 0.240625 0.909375 0.248437 0.909375 0.25 0.907812 0.251562 0.907812 0.253125 0.90625 0.253125 0.904688 0.254687 0.903125 0.254687 0.901563 0.2625 0.89375 0.264062 0.89375 0.26875 0.889063 0.26875 0.8875 0.270312 0.885938 0.270312 0.879687 0.271875 0.878125 0.271875 0.804687 0.270312 0.803125 0.270312 0.8 0.26875 0.798437 0.26875 0.796875 0.267187 0.795312 0.264062 0.795312 0.2625 0.79375
2 0.964063 0.20625 0.9625 0.207812 0.9625 0.221875 0.964063 0.223438 0.978125 0.223438 0.979687 0.221875 0.979687 0.209375 0.976562 0.20625
5 0.803125 0.4375 0.801562 0.439063 0.798437 0.439063 0.795312 0.442187 0.795312 0.44375 0.79375 0.445312 0.79375 0.517187 0.795312 0.51875 0.795312 0.521875 0.796875 0.523437 0.809375 0.523437 0.810937 0.521875 0.817187 0.521875 0.81875 0.520312 0.839062 0.520312 0.840625 0.521875 0.851562 0.521875 0.853125 0.523437 0.85625 0.523437 0.857813 0.525 0.865625 0.525 0.867188 0.523437 0.86875 0.523437 0.871875 0.520312 0.871875 0.517187 0.873438 0.515625 0.873438 0.504687 0.875 0.503125 0.875 0.492187 0.876562 0.490625 0.876562 0.489062 0.878125 0.4875 0.878125 0.482812 0.879687 0.48125 0.879687 0.475 0.88125 0.473437 0.88125 0.467187 0.882812 0.465625 0.882812 0.4625 0.88125 0.460938 0.88125 0.454688 0.879687 0.453125 0.879687 0.45 0.878125 0.448438 0.878125 0.446875 0.876562 0.445312 0.876562 0.44375 0.871875 0.439063 0.86875 0.439063 0.867188 0.4375
0 0.084375 0.84375 0.08125 0.846875 0.08125 0.884375 0.0828125 0.885938 0.0828125 0.909375 0.084375 0.910937 0.084375 0.9125 0.0875 0.909375 0.0875 0.907812 0.0890625 0.90625 0.0890625 0.904688 0.090625 0.903125 0.090625 0.9 0.0921875 0.898438 0.0921875 0.895312 0.0984375 0.889063 0.101562 0.889063 0.103125 0.8875 0.10625 0.890625 0.109375 0.890625 0.110937 0.892187 0.1125 0.892187 0.114063 0.89375 0.114063 0.88125 0.115625 0.879687 0.115625 0.876562 0.114063 0.875 0.114063 0.871875 0.1125 0.870313 0.1125 0.86875 0.110937 0.867188 0.110937 0.865625 0.109375 0.864062 0.109375 0.8625 0.107813 0.8625 0.10625 0.860937 0.10625 0.859375 0.104687 0.857813 0.104687 0.85625 0.1 0.851562 0.1 0.85 0.0984375 0.848437 0.0984375 0.846875 0.0953125 0.84375
2 0.590625 0.10625 0.589062 0.107813 0.584375 0.107813 0.578125 0.114063 0.576562 0.114063 0.576562 0.115625 0.56875 0.123437 0.56875 0.125 0.564062 0.129687 0.564062 0.13125 0.5625 0.132812 0.5625 0.135937 0.560937 0.1375 0.560937 0.140625 0.559375 0.142187 0.559375 0.145312 0.557812 0.146875 0.557812 0.153125 0.55625 0.154687 0.55625 0.182812 0.557812 0.184375 0.557812 0.195312 0.559375 0.196875 0.559375 0.198437 0.560937 0.198437 0.5625 0.2 0.564062 0.2 0.565625 0.201562 0.567187 0.201562 0.56875 0.203125 0.571875 0.203125 0.573437 0.204687 0.59375 0.204687 0.595312 0.203125 0.601562 0.203125 0.603125 0.201562 0.607812 0.201562 0.609375 0.2 0.617187 0.2 0.61875 0.198437 0.63125 0.198437 0.632812 0.2 0.6375 0.2 0.639062 0.201562 0.64375 0.201562 0.645312 0.203125 0.648437 0.203125 0.65 0.201562 0.654687 0.201562 0.65625 0.2 0.657812 0.2 0.6625 0.195312 0.6625 0.19375 0.664062 0.192187 0.664062 0.189062 0.665625 0.1875 0.665625 0.129687 0.664062 0.128125 0.664062 0.109375 0.6625 0.107813 0.642187 0.107813 0.640625 0.10625
5 0.034375 0.7875 0.03125 0.790625 0.03125 0.821875 0.034375 0.825 0.04375 0.825 0.0453125 0.826562 0.0515625 0.826562 0.053125 0.828125 0.05625 0.828125 0.0578125 0.829687 0.059375 0.829687 0.0703125 0.840625 0.0703125 0.842187 0.071875 0.842187 0.0734375 0.84375 0.08125 0.84375 0.0828125 0.842187 0.0859375 0.842187 0.0875 0.840625 0.090625 0.840625 0.096875 0.834375 0.096875 0.826562 0.0953125 0.825 0.0953125 0.814062 0.09375 0.8125 0.09375 0.796875 0.0921875 0.795312 0.0921875 0.790625 0.0890625 0.7875
3 0.101562 0.882812 0.1 0.884375 0.096875 0.884375 0.0921875 0.889063 0.0921875 0.895312 0.090625 0.896875 0.090625 0.898438 0.0890625 0.9 0.0890625 0.901563 0.084375 0.90625 0.084375 0.907812 0.0828125 0.909375 0.0828125 0.915625 0.084375 0.917188 0.084375 0.91875 0.0859375 0.920313 0.0859375 0.921875 0.0875 0.923437 0.0875 0.928125 0.0890625 0.929688 0.0890625 0.93125 0.090625 0.93125 0.0921875 0.932813 0.107813 0.932813 0.110937 0.929688 0.110937 0.926562 0.1125 0.925 0.1125 0.923437 0.115625 0.920313 0.115625 0.915625 0.117188 0.914062 0.117188 0.903125 0.115625 0.901563 0.115625 0.895312 0.114063 0.89375 0.114063 0.890625 0.1125 0.889063 0.1125 0.885938 0.110937 0.884375 0.109375 0.884375 0.107813 0.882812
2 0.451562 0.0625 0.45 0.0640625 0.445312 0.0640625 0.44375 0.065625 0.442187 0.065625 0.440625 0.0671875 0.4375 0.0671875 0.435937 0.06875 0.429688 0.06875 0.428125 0.0703125 0.425 0.0703125 0.423437 0.071875 0.421875 0.071875 0.420312 0.0734375 0.417187 0.0734375 0.415625 0.075 0.414062 0.075 0.4125 0.0765625 0.4125 0.1 0.414062 0.101562 0.414062 0.103125 0.425 0.103125 0.426562 0.101562 0.428125 0.101562 0.429688 0.1 0.432813 0.1 0.434375 0.0984375 0.439063 0.0984375 0.440625 0.096875 0.44375 0.096875 0.445312 0.0953125 0.448438 0.0953125 0.45 0.09375 0.453125 0.09375 0.454688 0.0953125 0.45625 0.0953125 0.457812 0.096875 0.460938 0.096875 0.4625 0.0984375 0.465625 0.0984375 0.467187 0.096875 0.471875 0.096875 0.475 0.09375 0.476562 0.09375 0.478125 0.0921875 0.490625 0.0921875 0.492187 0.090625 0.492187 0.0890625 0.496875 0.084375 0.496875 0.0765625 0.492187 0.071875 0.490625 0.071875 0.489062 0.0703125 0.485938 0.0703125 0.484375 0.06875 0.48125 0.06875 0.478125 0.065625 0.476562 0.065625 0.475 0.0640625 0.473437 0.0640625 0.471875 0.0625
7 0.45 0.0625 0.448438 0.0640625 0.445312 0.0640625 0.44375 0.065625 0.442187 0.065625 0.440625 0.0671875 0.4375 0.0671875 0.435937 0.06875 0.429688 0.06875 0.428125 0.0703125 0.425 0.0703125 0.423437 0.071875 0.421875 0.071875 0.420312 0.0734375 0.417187 0.0734375 0.415625 0.075 0.414062 0.075 0.4125 0.0765625 0.4125 0.1 0.414062 0.101562 0.414062 0.103125 0.425 0.103125 0.426562 0.101562 0.428125 0.101562 0.429688 0.1 0.432813 0.1 0.434375 0.0984375 0.4375 0.0984375 0.439063 0.096875 0.44375 0.096875 0.445312 0.0953125 0.448438 0.0953125 0.45 0.09375 0.453125 0.09375 0.454688 0.0953125 0.45625 0.0953125 0.457812 0.096875 0.460938 0.096875 0.4625 0.0984375 0.465625 0.0984375 0.467187 0.096875 0.471875 0.096875 0.475 0.09375 0.476562 0.09375 0.478125 0.0921875 0.490625 0.0921875 0.492187 0.090625 0.492187 0.0890625 0.496875 0.084375 0.496875 0.0765625 0.495312 0.075 0.495312 0.0734375 0.49375 0.0734375 0.490625 0.0703125 0.485938 0.0703125 0.484375 0.06875 0.482812 0.06875 0.48125 0.0671875 0.479688 0.0671875 0.478125 0.065625 0.476562 0.065625 0.475 0.0640625 0.473437 0.0640625 0.471875 0.0625
2 0.501562 0.05625 0.5 0.0578125 0.495312 0.0578125 0.49375 0.059375 0.492187 0.059375 0.490625 0.0609375 0.489062 0.0609375 0.489062 0.0625 0.4875 0.0640625 0.4875 0.06875 0.489062 0.0703125 0.489062 0.071875 0.490625 0.0734375 0.492187 0.0734375 0.495312 0.0765625 0.496875 0.0765625 0.498437 0.078125 0.5 0.078125 0.501562 0.0796875 0.515625 0.0796875 0.517187 0.078125 0.525 0.078125 0.526562 0.0765625 0.529687 0.0765625 0.53125 0.075 0.532812 0.075 0.535937 0.071875 0.535937 0.0625 0.534375 0.0609375 0.534375 0.0578125 0.532812 0.0578125 0.53125 0.05625
9 0.707812 0.11875 0.70625 0.120312 0.70625 0.176562 0.707812 0.178125 0.721875 0.178125 0.726562 0.173437 0.726562 0.171875 0.728125 0.170312 0.728125 0.15 0.729687 0.148437 0.729687 0.121875 0.726562 0.11875
2 0.0078125 0.8 0.00625 0.801562 0.00625 0.821875 0.0078125 0.823437 0.0078125 0.825 0.0140625 0.825 0.015625 0.823437 0.0203125 0.823437 0.021875 0.821875 0.0234375 0.821875 0.0234375 0.81875 0.025 0.817187 0.025 0.803125 0.021875 0.8
