5 0.009375 0.14375 0.00625 0.146875 0.00625 0.3 0.0078125 0.301562 0.0078125 0.310937 0.009375 0.3125 0.009375 0.314062 0.015625 0.314062 0.0171875 0.315625 0.107813 0.315625 0.110937 0.3125 0.1125 0.3125 0.121875 0.303125 0.121875 0.301562 0.125 0.298437 0.125 0.296875 0.129687 0.292187 0.129687 0.290625 0.135937 0.284375 0.135937 0.282812 0.140625 0.278125 0.140625 0.276562 0.14375 0.273437 0.14375 0.271875 0.145312 0.270312 0.145312 0.26875 0.148437 0.265625 0.148437 0.264062 0.15 0.2625 0.15 0.260937 0.151562 0.259375 0.151562 0.257812 0.153125 0.25625 0.153125 0.253125 0.154687 0.251562 0.154687 0.248437 0.15625 0.246875 0.15625 0.24375 0.157812 0.242188 0.157812 0.239063 0.159375 0.2375 0.159375 0.23125 0.160937 0.229687 0.160937 0.1875 0.1625 0.185937 0.1625 0.170312 0.160937 0.16875 0.160937 0.167187 0.15625 0.1625 0.154687 0.1625 0.153125 0.160937 0.151562 0.160937 0.15 0.159375 0.148437 0.159375 0.146875 0.157812 0.14375 0.157812 0.142187 0.15625 0.1375 0.15625 0.135937 0.154687 0.132812 0.154687 0.13125 0.153125 0.129687 0.153125 0.128125 0.151562 0.125 0.151562 0.123437 0.15 0.117188 0.15 0.115625 0.148437 0.1125 0.148437 0.110937 0.146875 0.107813 0.146875 0.10625 0.145312 0.101562 0.145312 0.1 0.14375
2 0.114063 0.48125 0.1125 0.482812 0.1125 0.534375 0.114063 0.535937 0.114063 0.540625 0.115625 0.542187 0.142187 0.542187 0.14375 0.540625 0.157812 0.540625 0.159375 0.539062 0.170312 0.539062 0.171875 0.5375 0.173437 0.5375 0.175 0.535937 0.176562 0.535937 0.179687 0.532812 0.179687 0.528125 0.18125 0.526562 0.18125 0.525 0.179687 0.523437 0.179687 0.515625 0.178125 0.514062 0.178125 0.5125 0.176562 0.510937 0.176562 0.509375 0.173437 0.50625 0.173437 0.504687 0.171875 0.503125 0.171875 0.501562 0.170312 0.501562 0.16875 0.5 0.16875 0.498437 0.160937 0.490625 0.160937 0.489062 0.153125 0.48125
2 0.009375 0.475 0.00625 0.478125 0.00625 0.50625 0.0078125 0.507812 0.0078125 0.509375 0.009375 0.510937 0.0109375 0.509375 0.015625 0.509375 0.0171875 0.510937 0.0328125 0.510937 0.034375 0.509375 0.053125 0.509375 0.053125 0.507812 0.0578125 0.503125 0.0578125 0.495312 0.0546875 0.492187 0.0546875 0.490625 0.0515625 0.4875 0.046875 0.4875 0.0453125 0.485938 0.04375 0.485938 0.034375 0.476562 0.0328125 0.476562 0.03125 0.475
2 0.234375 0.46875 0.23125 0.471875 0.23125 0.490625 0.232812 0.492187 0.232812 0.49375 0.234375 0.495312 0.234375 0.496875 0.245312 0.507812 0.248437 0.507812 0.25 0.509375 0.257812 0.509375 0.259375 0.510937 0.265625 0.510937 0.267187 0.5125 0.284375 0.5125 0.285937 0.510937 0.295312 0.510937 0.296875 0.5125 0.3 0.5125 0.301562 0.514062 0.307812 0.514062 0.314062 0.507812 0.314062 0.504687 0.315625 0.503125 0.315625 0.498437 0.314062 0.496875 0.314062 0.495312 0.3125 0.49375 0.3125 0.492187 0.310937 0.490625 0.310937 0.489062 0.290625 0.46875
9 0.132812 0.3375 0.13125 0.339062 0.13125 0.407812 0.134375 0.410937 0.142187 0.410937 0.14375 0.409375 0.153125 0.409375 0.154687 0.407812 0.15625 0.407812 0.157812 0.40625 0.1625 0.40625 0.164062 0.404687 0.167187 0.404687 0.16875 0.403125 0.170312 0.403125 0.171875 0.401562 0.171875 0.4 0.173437 0.398437 0.173437 0.396875 0.175 0.395312 0.175 0.385937 0.173437 0.384375 0.173437 0.38125 0.165625 0.373437 0.160937 0.373437 0.159375 0.371875 0.159375 0.370312 0.160937 0.36875 0.165625 0.36875 0.16875 0.365625 0.170312 0.365625 0.171875 0.364062 0.171875 0.3625 0.173437 0.360937 0.173437 0.345312 0.171875 0.34375 0.171875 0.342187 0.16875 0.339062 0.167187 0.339062 0.165625 0.3375
2 0.432813 0.5625 0.43125 0.564062 0.43125 0.58125 0.432813 0.582812 0.432813 0.584375 0.454688 0.584375 0.459375 0.579687 0.459375 0.575 0.457812 0.573437 0.457812 0.571875 0.45625 0.570312 0.45625 0.567187 0.454688 0.565625 0.454688 0.564062 0.453125 0.5625
2 0.55625 0.575 0.554687 0.576562 0.551562 0.576562 0.551562 0.579687 0.55 0.58125 0.55 0.609375 0.551562 0.610937 0.551562 0.614062 0.553125 0.615625 0.584375 0.615625 0.585937 0.617187 0.59375 0.617187 0.595312 0.615625 0.596875 0.615625 0.598437 0.614062 0.601562 0.614062 0.603125 0.6125 0.609375 0.6125 0.610937 0.610937 0.6125 0.610937 0.615625 0.607812 0.615625 0.603125 0.617187 0.601562 0.617187 0.6 0.615625 0.598437 0.615625 0.592187 0.614062 0.590625 0.614062 0.589062 0.609375 0.584375 0.609375 0.582812 0.607812 0.582812 0.601562 0.576562 0.598437 0.576562 0.596875 0.575
2 0.176562 0.48125 0.175 0.482812 0.175 0.504687 0.176562 0.50625 0.176562 0.509375 0.179687 0.5125 0.179687 0.514062 0.182812 0.517187 0.182812 0.51875 0.184375 0.520312 0.185937 0.520312 0.1875 0.521875 0.223438 0.521875 0.225 0.523437 0.228125 0.523437 0.229687 0.521875 0.234375 0.521875 0.235938 0.520312 0.235938 0.51875 0.2375 0.517187 0.2375 0.515625 0.239063 0.514062 0.239063 0.5125 0.240625 0.510937 0.240625 0.504687 0.239063 0.503125 0.239063 0.501562 0.235938 0.498437 0.235938 0.496875 0.234375 0.495312 0.232812 0.495312 0.23125 0.49375 0.229687 0.49375 0.223438 0.4875 0.221875 0.4875 0.217187 0.482812 0.215625 0.482812 0.214062 0.48125
2 0.482812 0.56875 0.48125 0.570312 0.48125 0.578125 0.482812 0.579687 0.496875 0.579687 0.498437 0.578125 0.498437 0.570312 0.496875 0.56875
9 0.0765625 0.3375 0.075 0.339062 0.075 0.407812 0.078125 0.410937 0.0984375 0.410937 0.1 0.409375 0.107813 0.409375 0.109375 0.407812 0.109375 0.404687 0.110937 0.403125 0.110937 0.340625 0.107813 0.3375
