9 0.76875 0.36875 0.767187 0.370312 0.760937 0.370312 0.759375 0.371875 0.757812 0.371875 0.748437 0.38125 0.748437 0.384375 0.746875 0.385937 0.746875 0.401562 0.748437 0.403125 0.748437 0.40625 0.75 0.407812 0.75 0.409375 0.751562 0.410937 0.753125 0.410937 0.757812 0.415625 0.757812 0.417187 0.760937 0.420312 0.760937 0.423437 0.748437 0.435937 0.748437 0.4375 0.746875 0.439063 0.746875 0.442187 0.745312 0.44375 0.745312 0.45625 0.746875 0.457812 0.746875 0.460938 0.748437 0.4625 0.748437 0.464063 0.753125 0.46875 0.754687 0.46875 0.757812 0.471875 0.757812 0.475 0.759375 0.476562 0.754687 0.48125 0.754687 0.482812 0.753125 0.484375 0.751562 0.484375 0.75 0.485938 0.748437 0.485938 0.745312 0.489062 0.745312 0.498437 0.74375 0.5 0.74375 0.50625 0.745312 0.507812 0.745312 0.515625 0.746875 0.517187 0.746875 0.51875 0.748437 0.520312 0.748437 0.521875 0.751562 0.525 0.753125 0.525 0.754687 0.526562 0.754687 0.53125 0.75625 0.532812 0.753125 0.535937 0.751562 0.535937 0.746875 0.540625 0.746875 0.542187 0.745312 0.54375 0.745312 0.551562 0.74375 0.553125 0.74375 0.5625 0.745312 0.564062 0.745312 0.570312 0.754687 0.579687 0.754687 0.58125 0.75625 0.582812 0.754687 0.584375 0.754687 0.585937 0.748437 0.592187 0.746875 0.592187 0.746875 0.59375 0.745312 0.595312 0.745312 0.6 0.74375 0.601562 0.74375 0.620312 0.745312 0.621875 0.745312 0.625 0.746875 0.626562 0.746875 0.628125 0.75 0.63125 0.753125 0.63125 0.754687 0.632812 0.75625 0.632812 0.757812 0.634375 0.759375 0.634375 0.760937 0.635937 0.764062 0.635937 0.765625 0.6375 0.771875 0.6375 0.773437 0.639062 0.778125 0.639062 0.779687 0.640625 0.78125 0.640625 0.782812 0.642187 0.784375 0.642187 0.7875 0.645312 0.790625 0.645312 0.792187 0.646875 0.803125 0.646875 0.804687 0.645312 0.80625 0.645312 0.80625 0.64375 0.807812 0.642187 0.807812 0.639062 0.809375 0.6375 0.809375 0.370312 0.80625 0.370312 0.804687 0.36875
9 0.726562 0.175 0.725 0.176562 0.725 0.209375 0.726562 0.210937 0.726562 0.2125 0.740625 0.2125 0.742187 0.210937 0.742187 0.176562 0.740625 0.175
9 0.839062 0.175 0.8375 0.176562 0.8375 0.209375 0.839062 0.210937 0.851562 0.210937 0.854688 0.207812 0.854688 0.195312 0.853125 0.19375 0.853125 0.176562 0.851562 0.176562 0.85 0.175
9 0.939062 0.1625 0.9375 0.164062 0.9375 0.210937 0.939062 0.2125 0.939062 0.214062 0.951563 0.214062 0.95625 0.209375 0.95625 0.19375 0.954687 0.192187 0.954687 0.164062 0.953125 0.1625
2 0.104687 0.25 0.103125 0.251562 0.101562 0.251562 0.101562 0.253125 0.1 0.254687 0.1 0.290625 0.101562 0.292187 0.101562 0.29375 0.104687 0.296875 0.125 0.296875 0.126562 0.298437 0.135937 0.298437 0.1375 0.3 0.140625 0.3 0.142187 0.298437 0.14375 0.298437 0.151562 0.290625 0.151562 0.279687 0.15 0.278125 0.15 0.271875 0.148437 0.270312 0.148437 0.267187 0.146875 0.265625 0.146875 0.264062 0.14375 0.260937 0.14375 0.259375 0.139062 0.254687 0.139062 0.253125 0.1375 0.251562 0.135937 0.251562 0.134375 0.25
9 0.0765625 0.88125 0.075 0.882812 0.075 0.910937 0.0765625 0.9125 0.0765625 0.914062 0.08125 0.914062 0.0828125 0.9125 0.084375 0.9125 0.084375 0.910937 0.0859375 0.909375 0.0859375 0.882812 0.084375 0.88125
9 0.0765625 0.4125 0.075 0.414062 0.075 0.510937 0.0765625 0.5125 0.0765625 0.515625 0.08125 0.515625 0.0828125 0.517187 0.084375 0.517187 0.0859375 0.515625 0.0921875 0.515625 0.0953125 0.5125 0.096875 0.5125 0.1 0.509375 0.1 0.507812 0.103125 0.504687 0.103125 0.503125 0.104687 0.501562 0.104687 0.496875 0.10625 0.495312 0.10625 0.484375 0.104687 0.482812 0.104687 0.460938 0.10625 0.459375 0.10625 0.415625 0.104687 0.414062 0.103125 0.414062 0.101562 0.4125
9 0.015625 0.41875 0.0140625 0.420312 0.0078125 0.420312 0.0078125 0.423437 0.00625 0.425 0.00625 0.475 0.0078125 0.476562 0.0078125 0.48125 0.009375 0.482812 0.009375 0.484375 0.0078125 0.485938 0.0078125 0.489062 0.00625 0.490625 0.00625 0.50625 0.0078125 0.507812 0.0078125 0.510937 0.0140625 0.510937 0.015625 0.5125 0.0234375 0.5125 0.0265625 0.515625 0.0265625 0.517187 0.028125 0.51875 0.028125 0.520312 0.04375 0.520312 0.0453125 0.51875 0.046875 0.51875 0.0515625 0.514062 0.053125 0.514062 0.05625 0.510937 0.0578125 0.510937 0.0578125 0.507812 0.059375 0.50625 0.059375 0.446875 0.0578125 0.445312 0.0578125 0.425 0.05625 0.423437 0.05625 0.421875 0.0546875 0.421875 0.053125 0.420312 0.0484375 0.420312 0.046875 0.41875
2 0.0640625 0.25 0.0625 0.251562 0.0625 0.278125 0.0640625 0.279687 0.08125 0.279687 0.0828125 0.278125 0.090625 0.278125 0.090625 0.276562 0.0921875 0.275 0.0921875 0.271875 0.09375 0.270312 0.09375 0.259375 0.0921875 0.257812 0.0921875 0.254687 0.090625 0.253125 0.090625 0.251562 0.0875 0.251562 0.0859375 0.25
2 0.176562 0.26875 0.175 0.270312 0.170312 0.270312 0.170312 0.271875 0.16875 0.273437 0.16875 0.275 0.167187 0.276562 0.167187 0.278125 0.165625 0.279687 0.165625 0.28125 0.164062 0.282812 0.164062 0.285937 0.1625 0.2875 0.1625 0.329687 0.164062 0.33125 0.164062 0.332812 0.165625 0.334375 0.1875 0.334375 0.189062 0.332812 0.235938 0.332812 0.2375 0.33125 0.239063 0.33125 0.239063 0.329687 0.240625 0.328125 0.240625 0.3 0.239063 0.298437 0.239063 0.284375 0.2375 0.282812 0.2375 0.279687 0.235938 0.278125 0.235938 0.275 0.234375 0.273437 0.234375 0.271875 0.232812 0.270312 0.229687 0.270312 0.228125 0.26875
