5 0.670312 0.00625 0.66875 0.0078125 0.66875 0.315625 0.670312 0.317187 0.670312 0.328125 0.698437 0.328125 0.7 0.326562 0.701562 0.326562 0.703125 0.325 0.703125 0.323437 0.70625 0.320312 0.70625 0.31875 0.726562 0.298437 0.726562 0.296875 0.7375 0.285937 0.7375 0.284375 0.74375 0.278125 0.74375 0.276562 0.754687 0.265625 0.754687 0.264062 0.764062 0.254687 0.764062 0.253125 0.770312 0.246875 0.770312 0.245312 0.796875 0.21875 0.798437 0.21875 0.803125 0.214062 0.804687 0.214062 0.807812 0.210937 0.809375 0.210937 0.817187 0.203125 0.817187 0.201562 0.81875 0.2 0.81875 0.198437 0.820312 0.196875 0.820312 0.195312 0.821875 0.19375 0.821875 0.189062 0.823437 0.1875 0.823437 0.18125 0.825 0.179687 0.825 0.171875 0.826562 0.170312 0.826562 0.153125 0.828125 0.151562 0.828125 0.110937 0.826562 0.109375 0.826562 0.0875 0.825 0.0859375 0.825 0.0640625 0.826562 0.0625 0.826562 0.040625 0.825 0.0390625 0.825 0.0140625 0.823437 0.0125 0.823437 0.0078125 0.820312 0.0078125 0.81875 0.00625
2 0.939062 0.08125 0.9375 0.0828125 0.935938 0.0828125 0.934375 0.084375 0.934375 0.0859375 0.932813 0.0875 0.932813 0.0890625 0.93125 0.090625 0.93125 0.11875 0.932813 0.120312 0.932813 0.121875 0.975 0.121875 0.976562 0.123437 0.978125 0.121875 0.979687 0.121875 0.982812 0.11875 0.982812 0.117188 0.984375 0.115625 0.984375 0.101562 0.982812 0.1 0.982812 0.0953125 0.98125 0.09375 0.98125 0.090625 0.979687 0.0890625 0.979687 0.0875 0.975 0.0828125 0.973437 0.0828125 0.971875 0.08125
2 0.920313 0.8625 0.91875 0.864062 0.917188 0.864062 0.915625 0.865625 0.915625 0.867188 0.914062 0.86875 0.914062 0.870313 0.9125 0.871875 0.9125 0.873438 0.910937 0.875 0.910937 0.876562 0.909375 0.878125 0.909375 0.879687 0.907812 0.88125 0.907812 0.8875 0.90625 0.889063 0.90625 0.925 0.907812 0.926562 0.907812 0.928125 0.923437 0.928125 0.925 0.926562 0.959375 0.926562 0.960938 0.928125 0.984375 0.928125 0.985937 0.926562 0.985937 0.920313 0.9875 0.91875 0.9875 0.904688 0.985937 0.903125 0.985937 0.89375 0.984375 0.892187 0.984375 0.890625 0.982812 0.889063 0.982812 0.8875 0.98125 0.885938 0.98125 0.884375 0.979687 0.882812 0.979687 0.879687 0.978125 0.878125 0.978125 0.875 0.976562 0.873438 0.976562 0.870313 0.975 0.86875 0.975 0.867188 0.973437 0.865625 0.973437 0.864062 0.971875 0.864062 0.970312 0.8625
2 0.853125 0.075 0.85 0.078125 0.85 0.103125 0.851562 0.104687 0.889063 0.104687 0.892187 0.101562 0.892187 0.0859375 0.890625 0.084375 0.890625 0.0828125 0.885938 0.078125 0.885938 0.0765625 0.884375 0.075
2 0.795312 0.86875 0.79375 0.870313 0.792187 0.870313 0.782812 0.879687 0.782812 0.88125 0.78125 0.882812 0.78125 0.907812 0.784375 0.910937 0.792187 0.910937 0.79375 0.909375 0.828125 0.909375 0.829687 0.910937 0.834375 0.910937 0.842187 0.903125 0.842187 0.878125 0.840625 0.876562 0.840625 0.873438 0.8375 0.870313 0.835937 0.870313 0.834375 0.86875
9 0.0515625 0.84375 0.05 0.845312 0.05 0.914062 0.0546875 0.91875 0.05625 0.91875 0.0578125 0.920313 0.0609375 0.920313 0.0625 0.921875 0.0765625 0.921875 0.078125 0.920313 0.08125 0.920313 0.084375 0.917188 0.084375 0.915625 0.0859375 0.914062 0.0859375 0.9125 0.0890625 0.909375 0.0890625 0.907812 0.0875 0.90625 0.0875 0.898438 0.0859375 0.896875 0.0859375 0.857813 0.084375 0.85625 0.084375 0.853125 0.0828125 0.851562 0.0828125 0.85 0.08125 0.848437 0.08125 0.846875 0.078125 0.84375
5 0.103125 0.3375 0.101562 0.339062 0.096875 0.339062 0.0953125 0.340625 0.09375 0.340625 0.0921875 0.342187 0.0921875 0.34375 0.090625 0.345312 0.090625 0.346875 0.0890625 0.348437 0.0890625 0.35 0.0875 0.351562 0.0875 0.354687 0.0859375 0.35625 0.0859375 0.357812 0.084375 0.359375 0.084375 0.364062 0.0828125 0.365625 0.0828125 0.38125 0.08125 0.382812 0.08125 0.459375 0.0828125 0.460938 0.0828125 0.492187 0.084375 0.49375 0.084375 0.501562 0.0859375 0.503125 0.0859375 0.50625 0.0875 0.507812 0.0875 0.510937 0.0890625 0.5125 0.0890625 0.514062 0.090625 0.515625 0.090625 0.517187 0.0921875 0.51875 0.0921875 0.520312 0.0953125 0.523437 0.0953125 0.525 0.0984375 0.528125 0.0984375 0.529687 0.101562 0.532812 0.101562 0.534375 0.104687 0.5375 0.104687 0.539062 0.10625 0.540625 0.10625 0.542187 0.109375 0.545312 0.109375 0.546875 0.1125 0.55 0.1125 0.551562 0.117188 0.55625 0.117188 0.557812 0.123437 0.564062 0.123437 0.565625 0.132812 0.575 0.132812 0.576562 0.134375 0.578125 0.135937 0.578125 0.140625 0.582812 0.14375 0.582812 0.145312 0.584375 0.164062 0.584375 0.165625 0.582812 0.248437 0.582812 0.25 0.58125 0.251562 0.58125 0.253125 0.582812 0.309375 0.582812 0.310937 0.58125 0.3125 0.58125 0.314062 0.579687 0.315625 0.579687 0.320312 0.575 0.320312 0.573437 0.321875 0.571875 0.321875 0.540625 0.320312 0.539062 0.320312 0.5375 0.31875 0.535937 0.317187 0.535937 0.307812 0.526562 0.307812 0.525 0.30625 0.523437 0.30625 0.457812 0.307812 0.45625 0.307812 0.45 0.309375 0.448438 0.309375 0.4375 0.310937 0.435937 0.310937 0.426562 0.3125 0.425 0.3125 0.392187 0.310937 0.390625 0.310937 0.371875 0.309375 0.370312 0.309375 0.367187 0.307812 0.365625 0.307812 0.3625 0.30625 0.360937 0.30625 0.354687 0.304687 0.353125 0.304687 0.348437 0.303125 0.346875 0.303125 0.345312 0.301562 0.34375 0.301562 0.340625 0.3 0.339062 0.295312 0.339062 0.29375 0.3375
2 0.932813 0.0625 0.93125 0.0640625 0.93125 0.0765625 0.934375 0.0796875 0.948438 0.0796875 0.95 0.078125 0.953125 0.078125 0.954687 0.0765625 0.954687 0.071875 0.95625 0.0703125 0.95625 0.065625 0.953125 0.0625
2 0.882812 0.0625 0.88125 0.0640625 0.88125 0.06875 0.882812 0.0703125 0.882812 0.071875 0.8875 0.0765625 0.8875 0.078125 0.892187 0.0828125 0.892187 0.084375 0.89375 0.0859375 0.903125 0.0859375 0.904688 0.084375 0.904688 0.065625 0.901563 0.0625
2 0.85625 0.84375 0.854688 0.845312 0.853125 0.845312 0.851562 0.846875 0.851562 0.848437 0.85 0.85 0.85 0.864062 0.851562 0.865625 0.851562 0.867188 0.86875 0.867188 0.870313 0.86875 0.871875 0.867188 0.875 0.867188 0.878125 0.864062 0.878125 0.851562 0.875 0.848437 0.875 0.846875 0.871875 0.84375
2 0.982812 0.85625 0.98125 0.857813 0.98125 0.878125 0.982812 0.879687 0.982812 0.882812 0.984375 0.884375 0.998437 0.884375 0.998437 0.85625
