2 0.495312 0.21875 0.492187 0.221875 0.492187 0.223438 0.4875 0.228125 0.4875 0.23125 0.485938 0.232812 0.485938 0.234375 0.482812 0.2375 0.482812 0.239063 0.48125 0.240625 0.48125 0.276562 0.482812 0.278125 0.482812 0.279687 0.484375 0.28125 0.534375 0.28125 0.535937 0.282812 0.540625 0.282812 0.542187 0.28125 0.546875 0.28125 0.55 0.278125 0.55 0.275 0.551562 0.273437 0.551562 0.265625 0.553125 0.264062 0.553125 0.25625 0.551562 0.254687 0.551562 0.245312 0.55 0.24375 0.55 0.235938 0.548437 0.234375 0.548437 0.228125 0.546875 0.226562 0.546875 0.225 0.545312 0.223438 0.545312 0.221875 0.54375 0.220313 0.542187 0.220313 0.540625 0.21875
9 0.45625 0.7125 0.454688 0.714062 0.451562 0.714062 0.451562 0.759375 0.45 0.760937 0.45 0.821875 0.453125 0.825 0.45625 0.825 0.457812 0.826562 0.4625 0.826562 0.464063 0.828125 0.473437 0.828125 0.475 0.826562 0.476562 0.826562 0.478125 0.825 0.478125 0.823437 0.479688 0.821875 0.479688 0.817187 0.48125 0.815625 0.48125 0.8125 0.482812 0.810937 0.482812 0.807812 0.484375 0.80625 0.484375 0.803125 0.485938 0.801562 0.485938 0.7875 0.4875 0.785937 0.4875 0.779687 0.489062 0.778125 0.489062 0.775 0.490625 0.773437 0.490625 0.770312 0.492187 0.76875 0.492187 0.75625 0.49375 0.754687 0.49375 0.748437 0.495312 0.746875 0.495312 0.74375 0.496875 0.742187 0.496875 0.734375 0.498437 0.732812 0.498437 0.71875 0.496875 0.717187 0.496875 0.714062 0.495312 0.714062 0.49375 0.7125
2 0.148437 0.6375 0.146875 0.639062 0.145312 0.639062 0.140625 0.64375 0.139062 0.64375 0.132812 0.65 0.128125 0.65 0.126562 0.651562 0.125 0.651562 0.11875 0.657812 0.11875 0.664062 0.121875 0.667187 0.123437 0.667187 0.125 0.665625 0.129687 0.665625 0.13125 0.667187 0.220313 0.667187 0.221875 0.665625 0.223438 0.665625 0.225 0.664062 0.226562 0.664062 0.228125 0.6625 0.228125 0.660937 0.229687 0.659375 0.229687 0.646875 0.228125 0.645312 0.228125 0.64375 0.221875 0.6375
2 0.1375 0.275 0.135937 0.276562 0.134375 0.276562 0.132812 0.278125 0.132812 0.28125 0.13125 0.282812 0.13125 0.320312 0.132812 0.321875 0.132812 0.323437 0.14375 0.323437 0.145312 0.321875 0.151562 0.321875 0.153125 0.320312 0.154687 0.320312 0.15625 0.31875 0.1625 0.31875 0.164062 0.317187 0.171875 0.317187 0.173437 0.31875 0.179687 0.31875 0.18125 0.317187 0.184375 0.317187 0.192187 0.309375 0.19375 0.309375 0.19375 0.30625 0.195312 0.304687 0.195312 0.301562 0.19375 0.3 0.19375 0.295312 0.192187 0.29375 0.192187 0.2875 0.190625 0.285937 0.190625 0.282812 0.1875 0.279687 0.1875 0.278125 0.185937 0.276562 0.184375 0.276562 0.182812 0.275
2 0.609375 0.625 0.60625 0.628125 0.60625 0.651562 0.609375 0.654687 0.626562 0.654687 0.628125 0.65625 0.63125 0.65625 0.632812 0.657812 0.640625 0.657812 0.642187 0.65625 0.654687 0.65625 0.65625 0.654687 0.664062 0.654687 0.665625 0.653125 0.665625 0.65 0.667187 0.648437 0.667187 0.639062 0.665625 0.6375 0.665625 0.635937 0.660937 0.63125 0.659375 0.63125 0.654687 0.626562 0.653125 0.626562 0.651562 0.625
2 0.7625 0.96875 0.760937 0.970312 0.757812 0.970312 0.757812 0.971875 0.75625 0.973437 0.75625 0.975 0.754687 0.976562 0.754687 0.979687 0.753125 0.98125 0.753125 0.982812 0.751562 0.984375 0.751562 0.985937 0.75 0.9875 0.75 0.998437 0.821875 0.998437 0.821875 0.995312 0.820312 0.99375 0.820312 0.992187 0.81875 0.990625 0.81875 0.989062 0.817187 0.9875 0.817187 0.982812 0.8125 0.978125 0.8125 0.976562 0.810937 0.975 0.810937 0.973437 0.807812 0.970312 0.80625 0.970312 0.804687 0.96875
9 0.832812 0.10625 0.83125 0.107813 0.83125 0.15 0.832812 0.151562 0.832812 0.153125 0.83125 0.154687 0.83125 0.159375 0.832812 0.160937 0.832812 0.165625 0.834375 0.165625 0.8375 0.16875 0.839062 0.16875 0.840625 0.170312 0.842187 0.170312 0.84375 0.171875 0.85625 0.171875 0.857813 0.170312 0.857813 0.16875 0.859375 0.167187 0.859375 0.11875 0.857813 0.117188 0.857813 0.114063 0.85625 0.1125 0.85625 0.110937 0.853125 0.107813 0.851562 0.107813 0.85 0.10625
2 0.2875 0.63125 0.285937 0.632812 0.284375 0.632812 0.28125 0.635937 0.28125 0.6375 0.276562 0.642187 0.276562 0.64375 0.275 0.645312 0.275 0.659375 0.276562 0.660937 0.276562 0.6625 0.296875 0.6625 0.298437 0.664062 0.3 0.664062 0.301562 0.665625 0.304687 0.665625 0.30625 0.667187 0.320312 0.667187 0.321875 0.665625 0.326562 0.665625 0.329687 0.6625 0.329687 0.660937 0.33125 0.659375 0.33125 0.65625 0.332812 0.654687 0.332812 0.646875 0.33125 0.645312 0.33125 0.6375 0.329687 0.635937 0.329687 0.632812 0.328125 0.632812 0.326562 0.63125
2 0.284375 0.24375 0.28125 0.246875 0.28125 0.265625 0.282812 0.267187 0.282812 0.26875 0.292187 0.26875 0.29375 0.267187 0.315625 0.267187 0.317187 0.265625 0.317187 0.25625 0.315625 0.254687 0.315625 0.253125 0.3125 0.25 0.3125 0.248437 0.310937 0.246875 0.310937 0.245312 0.309375 0.24375
9 0.864062 0.1125 0.8625 0.114063 0.8625 0.171875 0.864062 0.173437 0.864062 0.176562 0.873438 0.176562 0.875 0.175 0.879687 0.175 0.88125 0.173437 0.884375 0.173437 0.8875 0.170312 0.8875 0.15625 0.885938 0.154687 0.885938 0.117188 0.884375 0.115625 0.884375 0.114063 0.882812 0.114063 0.88125 0.1125
2 0.0078125 0.6375 0.00625 0.639062 0.00625 0.653125 0.0078125 0.654687 0.0296875 0.654687 0.03125 0.653125 0.0328125 0.653125 0.034375 0.651562 0.034375 0.645312 0.03125 0.642187 0.03125 0.640625 0.0296875 0.639062 0.028125 0.639062 0.0265625 0.6375
2 0.214062 0.25 0.2125 0.251562 0.2125 0.276562 0.214062 0.278125 0.214062 0.279687 0.215625 0.28125 0.217187 0.28125 0.21875 0.282812 0.220313 0.282812 0.221875 0.284375 0.229687 0.284375 0.23125 0.282812 0.234375 0.282812 0.235938 0.28125 0.2375 0.28125 0.239063 0.279687 0.240625 0.279687 0.240625 0.278125 0.242188 0.276562 0.242188 0.2625 0.240625 0.260937 0.240625 0.257812 0.2375 0.254687 0.2375 0.253125 0.234375 0.25
7 0.760937 0.8875 0.759375 0.889063 0.757812 0.889063 0.757812 0.892187 0.75625 0.89375 0.75625 0.964063 0.757812 0.965625 0.757812 0.967188 0.760937 0.967188 0.7625 0.965625 0.765625 0.965625 0.767187 0.964063 0.792187 0.964063 0.79375 0.965625 0.801562 0.965625 0.803125 0.967188 0.80625 0.967188 0.814062 0.975 0.817187 0.975 0.817187 0.973437 0.81875 0.971875 0.81875 0.965625 0.820312 0.964063 0.820312 0.9625 0.821875 0.960938 0.821875 0.9 0.820312 0.898438 0.820312 0.895312 0.81875 0.89375 0.81875 0.892187 0.815625 0.889063 0.8125 0.889063 0.810937 0.8875
9 0.720312 0.825 0.71875 0.826562 0.71875 0.842187 0.720312 0.84375 0.720312 0.846875 0.721875 0.846875 0.725 0.84375 0.726562 0.84375 0.728125 0.842187 0.729687 0.84375 0.734375 0.84375 0.735937 0.842187 0.7375 0.842187 0.739062 0.840625 0.739062 0.839062 0.740625 0.8375 0.740625 0.826562 0.7375 0.826562 0.735937 0.825 0.729687 0.825 0.728125 0.826562 0.726562 0.826562 0.725 0.825
2 0.432813 0.60625 0.43125 0.607812 0.43125 0.617187 0.432813 0.61875 0.432813 0.620312 0.434375 0.621875 0.440625 0.621875 0.442187 0.620312 0.445312 0.620312 0.445312 0.61875 0.446875 0.617187 0.446875 0.614062 0.44375 0.610937 0.44375 0.609375 0.440625 0.60625
9 0.751562 0.4375 0.75 0.439063 0.75 0.464063 0.751562 0.465625 0.75 0.467187 0.75 0.479688 0.751562 0.48125 0.751562 0.482812 0.754687 0.485938 0.754687 0.4875 0.75625 0.489062 0.75625 0.490625 0.757812 0.492187 0.76875 0.492187 0.770312 0.490625 0.770312 0.473437 0.771875 0.471875 0.771875 0.453125 0.770312 0.451562 0.770312 0.45 0.76875 0.448438 0.76875 0.445312 0.767187 0.44375 0.767187 0.442187 0.764062 0.439063 0.7625 0.439063 0.760937 0.4375
7 0.670312 0.94375 0.66875 0.945312 0.66875 0.998437 0.71875 0.998437 0.71875 0.973437 0.717187 0.971875 0.717187 0.960938 0.715625 0.959375 0.715625 0.95625 0.714062 0.954687 0.714062 0.953125 0.7125 0.951563 0.7125 0.948438 0.710937 0.946875 0.710937 0.945312 0.709375 0.945312 0.707812 0.94375
2 0.539062 0.6 0.5375 0.601562 0.5375 0.620312 0.539062 0.621875 0.557812 0.621875 0.559375 0.620312 0.559375 0.617187 0.560937 0.615625 0.560937 0.6125 0.559375 0.610937 0.559375 0.603125 0.557812 0.601562 0.55625 0.601562 0.554687 0.6
