2 0.151562 0.21875 0.145312 0.225 0.145312 0.226562 0.14375 0.228125 0.14375 0.259375 0.145312 0.260937 0.190625 0.260937 0.192187 0.259375 0.192187 0.251562 0.19375 0.25 0.19375 0.235938 0.195312 0.234375 0.19375 0.232812 0.19375 0.226562 0.192187 0.225 0.192187 0.221875 0.190625 0.220313 0.189062 0.220313 0.1875 0.21875
2 0.220313 0.59375 0.21875 0.595312 0.214062 0.595312 0.2125 0.596875 0.210937 0.596875 0.203125 0.604687 0.203125 0.60625 0.196875 0.6125 0.195312 0.6125 0.19375 0.614062 0.192187 0.614062 0.190625 0.615625 0.179687 0.615625 0.178125 0.614062 0.176562 0.615625 0.176562 0.61875 0.175 0.620312 0.175 0.632812 0.176562 0.634375 0.176562 0.639062 0.182812 0.645312 0.185937 0.645312 0.1875 0.646875 0.201562 0.646875 0.203125 0.648437 0.245312 0.648437 0.246875 0.65 0.265625 0.65 0.267187 0.651562 0.278125 0.651562 0.279687 0.653125 0.321875 0.653125 0.323437 0.651562 0.326562 0.651562 0.328125 0.65 0.328125 0.646875 0.329687 0.645312 0.329687 0.642187 0.33125 0.640625 0.33125 0.63125 0.332812 0.629687 0.332812 0.626562 0.33125 0.625 0.33125 0.61875 0.329687 0.617187 0.329687 0.615625 0.321875 0.607812 0.320312 0.607812 0.317187 0.604687 0.315625 0.604687 0.3125 0.601562 0.3125 0.6 0.309375 0.596875 0.309375 0.595312 0.301562 0.595312 0.3 0.59375
2 0.540625 0.16875 0.539062 0.170312 0.5375 0.170312 0.534375 0.173437 0.532812 0.173437 0.53125 0.175 0.53125 0.176562 0.528125 0.179687 0.528125 0.18125 0.525 0.184375 0.525 0.1875 0.523437 0.189062 0.523437 0.19375 0.521875 0.195312 0.521875 0.196875 0.520312 0.198437 0.520312 0.2 0.51875 0.201562 0.51875 0.204687 0.517187 0.20625 0.517187 0.209375 0.515625 0.210937 0.515625 0.2125 0.514062 0.214062 0.514062 0.221875 0.5125 0.223438 0.5125 0.25625 0.514062 0.257812 0.514062 0.260937 0.515625 0.2625 0.517187 0.2625 0.51875 0.264062 0.53125 0.264062 0.532812 0.265625 0.573437 0.265625 0.575 0.264062 0.584375 0.264062 0.585937 0.2625 0.590625 0.2625 0.592187 0.260937 0.595312 0.260937 0.596875 0.259375 0.6 0.259375 0.601562 0.257812 0.603125 0.257812 0.604687 0.25625 0.60625 0.25625 0.607812 0.254687 0.607812 0.251562 0.609375 0.25 0.609375 0.2375 0.607812 0.235938 0.607812 0.229687 0.60625 0.228125 0.60625 0.220313 0.604687 0.21875 0.604687 0.209375 0.60625 0.207812 0.60625 0.204687 0.607812 0.203125 0.60625 0.201562 0.60625 0.2 0.603125 0.196875 0.603125 0.195312 0.598437 0.190625 0.598437 0.189062 0.596875 0.1875 0.596875 0.185937 0.59375 0.182812 0.59375 0.179687 0.592187 0.178125 0.592187 0.175 0.590625 0.173437 0.590625 0.171875 0.589062 0.170312 0.585937 0.170312 0.584375 0.16875
9 0.0078125 0.1125 0.00625 0.114063 0.00625 0.139062 0.009375 0.142187 0.0109375 0.142187 0.0125 0.140625 0.015625 0.140625 0.015625 0.139062 0.0171875 0.1375 0.0171875 0.128125 0.01875 0.126562 0.01875 0.115625 0.015625 0.1125
9 0.0703125 0.375 0.06875 0.376562 0.06875 0.409375 0.0703125 0.410937 0.0703125 0.4125 0.0765625 0.4125 0.0796875 0.409375 0.0796875 0.404687 0.08125 0.403125 0.08125 0.376562 0.0796875 0.376562 0.078125 0.375
9 0.101562 0.36875 0.1 0.370312 0.1 0.415625 0.101562 0.417187 0.107813 0.417187 0.110937 0.414062 0.110937 0.396875 0.1125 0.395312 0.1125 0.371875 0.109375 0.36875
9 0.157812 0.38125 0.15625 0.382812 0.15625 0.415625 0.157812 0.417187 0.165625 0.417187 0.16875 0.414062 0.16875 0.382812 0.167187 0.382812 0.165625 0.38125
2 0.046875 0.51875 0.0453125 0.520312 0.0421875 0.520312 0.040625 0.521875 0.040625 0.523437 0.0390625 0.525 0.0390625 0.528125 0.0375 0.529687 0.0375 0.553125 0.0390625 0.554687 0.0390625 0.557812 0.04375 0.5625 0.04375 0.564062 0.0453125 0.565625 0.0453125 0.56875 0.046875 0.570312 0.0484375 0.570312 0.05 0.571875 0.0578125 0.571875 0.059375 0.570312 0.065625 0.570312 0.0671875 0.56875 0.06875 0.56875 0.0703125 0.567187 0.078125 0.567187 0.0796875 0.565625 0.0890625 0.565625 0.090625 0.567187 0.0953125 0.567187 0.096875 0.565625 0.1 0.565625 0.101562 0.564062 0.103125 0.564062 0.103125 0.5625 0.104687 0.560937 0.104687 0.540625 0.103125 0.539062 0.103125 0.5375 0.1 0.534375 0.1 0.532812 0.0984375 0.53125 0.0984375 0.529687 0.0953125 0.526562 0.0953125 0.525 0.0921875 0.521875 0.0921875 0.520312 0.0890625 0.520312 0.0875 0.51875
2 0.04375 0.51875 0.0421875 0.520312 0.0375 0.520312 0.0359375 0.521875 0.034375 0.521875 0.0328125 0.523437 0.03125 0.523437 0.0296875 0.525 0.028125 0.525 0.021875 0.53125 0.021875 0.532812 0.0125 0.542187 0.0125 0.54375 0.0078125 0.548437 0.0078125 0.551562 0.00625 0.553125 0.00625 0.590625 0.0078125 0.592187 0.0078125 0.59375 0.015625 0.601562 0.01875 0.601562 0.0203125 0.603125 0.021875 0.603125 0.0234375 0.601562 0.025 0.601562 0.0265625 0.6 0.0625 0.6 0.0640625 0.601562 0.0859375 0.601562 0.0875 0.6 0.090625 0.6 0.0921875 0.598437 0.0953125 0.598437 0.0984375 0.595312 0.0984375 0.59375 0.1 0.592187 0.1 0.590625 0.103125 0.5875 0.103125 0.585937 0.104687 0.584375 0.104687 0.582812 0.115625 0.571875 0.117188 0.571875 0.123437 0.565625 0.123437 0.560937 0.125 0.559375 0.125 0.545312 0.123437 0.54375 0.123437 0.539062 0.121875 0.5375 0.121875 0.535937 0.115625 0.529687 0.114063 0.529687 0.109375 0.525 0.107813 0.525 0.103125 0.520312 0.1 0.520312 0.0984375 0.51875
2 0.214062 0.475 0.2125 0.476562 0.2125 0.496875 0.214062 0.498437 0.240625 0.498437 0.240625 0.496875 0.242188 0.495312 0.242188 0.484375 0.240625 0.482812 0.240625 0.479688 0.2375 0.476562 0.235938 0.476562 0.234375 0.475
2 0.0140625 0.475 0.0109375 0.478125 0.0109375 0.479688 0.009375 0.48125 0.0078125 0.48125 0.0078125 0.482812 0.00625 0.484375 0.00625 0.498437 0.0078125 0.5 0.0078125 0.503125 0.0109375 0.503125 0.0125 0.501562 0.0140625 0.501562 0.015625 0.5 0.021875 0.5 0.0234375 0.498437 0.0328125 0.498437 0.034375 0.496875 0.040625 0.496875 0.0421875 0.495312 0.04375 0.495312 0.0453125 0.49375 0.046875 0.49375 0.046875 0.492187 0.0484375 0.490625 0.0484375 0.482812 0.046875 0.48125 0.046875 0.478125 0.0453125 0.476562 0.0421875 0.476562 0.040625 0.475
2 0.0640625 0.475 0.0625 0.476562 0.0625 0.484375 0.065625 0.4875 0.0765625 0.4875 0.078125 0.485938 0.084375 0.485938 0.0859375 0.484375 0.0875 0.484375 0.0890625 0.482812 0.0890625 0.476562 0.0859375 0.476562 0.084375 0.475
9 0.065625 0.49375 0.0625 0.496875 0.0625 0.582812 0.0640625 0.584375 0.0640625 0.595312 0.065625 0.596875 0.1 0.596875 0.101562 0.595312 0.103125 0.595312 0.104687 0.59375 0.104687 0.592187 0.110937 0.585937 0.110937 0.584375 0.1125 0.582812 0.1125 0.5 0.114063 0.498437 0.114063 0.496875 0.1125 0.495312 0.107813 0.495312 0.10625 0.49375
